# GMM n=4 pocket classification, T=25C
# Classes: S1_pocket, S3_pocket, surface, extended
# frame  chi2  chi2_state  wcn  d_S1  d_S3  M  dist_nm  Q_p  class
0  64.80  1  0.870824  11.289  8.174  -0.034297  0.619357  -0.013491  surface
1  91.30  1  0.865209  11.784  8.103  -0.217940  0.764371  -0.003106  S3_pocket
2  22.00  0  0.848151  10.815  9.290  -0.223772  0.783181  -0.003299  surface
3  6.97  0  0.850395  11.006  8.926  -0.305644  0.799270  -0.011516  surface
4  42.44  0  0.868976  10.906  8.973  -0.205083  0.784618  -0.010553  surface
5  36.34  0  0.832378  11.182  9.379  -0.036105  0.785458  -0.011237  surface
6  33.06  0  0.821262  11.887  8.928  -0.167356  0.864418  -0.016802  surface
7  34.22  0  0.824184  11.506  9.312  -0.166138  0.824677  -0.034629  surface
8  24.42  0  0.806530  11.699  9.336  -0.221393  0.869597  -0.009991  surface
9  1.79  0  0.794997  11.455  10.133  -0.213085  0.940582  -0.010674  surface
10  34.79  0  0.800818  11.139  10.579  -0.353356  0.963414  0.002086  surface
11  49.90  0  0.792174  10.252  11.793  -0.086180  1.080874  -0.001000  surface
12  59.29  1  0.781114  9.119  11.311  -0.296167  1.103941  -0.023848  surface
13  35.61  0  0.762859  9.132  11.386  0.105367  1.086926  -0.008232  surface
14  34.47  0  0.842622  10.404  9.504  -0.373295  0.883005  -0.006166  S3_pocket
15  53.68  1  0.841527  9.430  10.751  -0.258933  0.992006  0.013261  surface
16  30.49  0  0.829785  10.058  9.733  -0.505909  0.954515  -0.006882  S3_pocket
17  50.26  1  0.777830  10.247  9.636  0.031972  0.968108  -0.024244  surface
18  45.72  0  0.832066  10.102  9.799  -0.186378  0.921183  0.004688  surface
19  73.86  1  0.790381  11.243  10.447  0.135810  0.937301  -0.009990  surface
20  43.82  0  0.781478  8.833  11.484  0.059016  1.014397  -0.030407  surface
21  47.79  0  0.863870  10.010  9.614  -0.438266  0.902408  -0.007163  S3_pocket
22  43.40  0  0.847033  9.784  10.046  -0.379169  0.905985  -0.007161  surface
23  4.33  0  0.840928  9.403  10.182  -0.435140  0.964132  -0.014804  surface
24  43.01  0  0.862839  9.837  9.446  -0.415157  0.924382  -0.014359  S3_pocket
25  77.07  1  0.805415  10.530  9.533  0.313154  0.939845  -0.018709  surface
26  75.85  1  0.814001  10.721  9.715  0.091154  0.893760  -0.021516  surface
27  49.84  0  0.854750  10.510  9.101  -0.381357  0.930553  -0.019936  S3_pocket
28  62.68  1  0.842981  10.070  9.475  -0.192734  0.915387  -0.025393  surface
29  50.26  1  0.882639  9.899  9.104  -0.283625  0.885672  -0.031639  surface
30  81.33  1  0.905540  9.302  9.808  -0.480712  0.926452  -0.038263  S3_pocket
31  52.36  1  0.902837  9.498  9.626  -0.258673  0.911679  -0.033271  surface
32  53.53  1  0.875463  9.568  9.767  -0.337430  0.971212  -0.039116  surface
33  23.87  0  0.835343  10.806  8.990  -0.179274  0.888370  -0.037985  surface
34  28.55  0  0.848662  9.693  8.743  -0.443273  0.930063  -0.025241  S3_pocket
35  76.88  1  0.863257  9.863  9.702  -0.046341  0.939616  -0.021773  surface
36  69.58  1  0.884907  10.828  8.266  -0.307434  0.871433  -0.028038  S3_pocket
37  82.55  1  0.760239  10.671  9.411  0.438537  0.922584  -0.025663  surface
38  77.60  1  0.810207  10.990  8.527  0.263386  0.851003  -0.013461  surface
39  75.44  1  0.811402  10.712  8.958  0.369109  0.883464  -0.028807  surface
40  74.76  1  0.726365  11.239  10.200  0.299037  0.956615  -0.017810  surface
41  90.40  1  0.741558  11.852  9.545  0.430765  0.953229  -0.016821  surface
42  89.53  1  0.736024  11.261  9.573  0.629654  0.954394  -0.051721  surface
43  85.10  1  0.866992  10.868  8.571  -0.212885  0.831004  -0.009435  surface
44  78.53  1  0.874016  10.956  8.496  -0.243478  0.835775  -0.010509  S3_pocket
45  98.18  1  0.850415  10.968  8.660  0.091916  0.841234  -0.006543  surface
46  64.90  1  0.879837  10.449  8.581  -0.409282  0.850727  -0.010929  S3_pocket
47  64.93  1  0.852340  10.561  9.524  -0.408866  0.935727  -0.030180  S3_pocket
48  45.26  0  0.834514  10.950  8.836  -0.386936  0.899302  -0.008853  S3_pocket
49  70.60  1  0.847431  11.104  9.203  -0.363759  0.951853  -0.010465  S3_pocket
50  63.60  1  0.849957  11.058  9.165  -0.324262  0.901794  0.002636  S3_pocket
51  39.49  0  0.906145  11.208  8.036  -0.448037  0.787434  -0.022691  S3_pocket
52  59.70  1  0.871332  10.016  9.517  -0.365420  0.941494  -0.026910  S3_pocket
53  63.16  1  0.872211  10.001  9.186  -0.115706  0.861728  -0.036254  surface
54  59.88  1  0.887024  10.854  8.382  -0.320299  0.784436  -0.027309  S3_pocket
55  17.46  0  0.853514  10.003  9.907  -0.380432  0.884774  -0.026861  surface
56  23.78  0  0.852450  9.298  10.318  -0.193602  0.901487  -0.017096  surface
57  35.39  0  0.829161  9.548  10.072  -0.246944  0.872032  -0.018205  surface
58  9.43  0  0.812703  9.094  10.788  -0.113680  0.924067  -0.029707  surface
59  15.99  0  0.834274  9.444  10.272  -0.349133  0.931087  -0.030663  surface
60  61.89  1  0.812645  10.229  9.350  -0.049248  0.904255  -0.030618  surface
61  66.95  1  0.914301  10.830  8.702  -0.276015  0.792612  -0.021884  S3_pocket
62  42.16  0  0.887181  10.833  8.292  -0.544580  0.858727  -0.020574  S3_pocket
63  89.37  1  0.868524  7.127  11.496  0.414330  0.878587  0.001072  surface
64  89.06  1  0.803707  6.463  12.430  0.475508  0.970821  -0.025164  surface
65  91.93  1  0.872580  6.446  11.143  0.421271  0.871281  -0.022214  surface
66  101.18  1  0.853476  6.698  11.747  0.463789  0.943377  -0.020355  surface
67  93.27  1  0.846791  6.341  12.205  0.358585  0.988777  -0.013276  surface
68  77.45  1  0.840962  5.892  11.181  0.376241  0.911872  -0.030367  surface
69  89.91  1  0.828266  6.410  12.029  0.471589  0.942999  -0.009987  surface
70  74.30  1  0.845842  5.938  12.071  0.353703  0.933519  -0.015196  surface
71  74.07  1  0.856575  6.373  11.984  0.194798  0.945774  -0.012315  surface
72  88.89  1  0.838198  6.927  12.006  0.555689  0.979666  -0.012238  surface
73  74.84  1  0.824584  6.160  11.756  0.126180  1.011745  -0.003642  surface
74  82.58  1  0.851489  6.062  11.514  0.330290  0.935631  -0.020046  surface
75  79.86  1  0.837735  6.397  11.916  0.431442  0.927282  -0.018583  surface
76  98.27  1  0.866522  6.540  11.363  0.484920  0.891162  -0.009964  surface
77  71.82  1  0.827382  6.170  11.263  0.262121  0.892312  -0.019966  surface
78  79.31  1  0.848179  6.135  10.749  0.095525  0.910382  -0.028972  surface
79  66.60  1  0.847138  5.869  11.706  0.222239  0.937064  -0.022423  surface
80  68.25  1  0.826236  5.881  12.392  0.421363  0.986402  -0.019406  surface
81  80.88  1  0.805538  6.580  11.598  0.252465  0.991898  -0.009221  surface
82  88.36  1  0.842105  6.202  11.215  0.190294  0.928508  -0.009186  surface
83  76.87  1  0.829107  7.154  10.772  0.211604  0.913489  -0.011265  surface
84  73.78  1  0.843816  6.338  10.857  0.435790  0.864036  -0.016359  surface
85  89.64  1  0.831453  6.070  10.617  0.381781  0.944590  -0.012885  surface
86  78.34  1  0.862325  6.252  11.876  0.408788  0.930157  -0.017311  surface
87  77.02  1  0.813896  5.695  12.338  0.372880  0.993600  -0.008107  surface
88  98.12  1  0.792287  6.168  12.453  0.300146  1.011163  -0.011703  surface
89  86.01  1  0.828796  6.622  11.555  0.243371  0.971118  -0.002626  surface
90  78.62  1  0.786148  6.196  12.684  0.433818  1.018818  -0.018890  surface
91  75.09  1  0.842804  6.133  10.875  0.106664  0.908585  -0.000683  surface
92  89.79  1  0.878038  6.706  11.608  0.401192  0.832352  -0.013287  surface
93  83.60  1  0.827207  6.739  12.232  0.344236  0.905651  -0.015910  surface
94  76.41  1  0.838799  6.627  10.938  0.338428  0.881692  -0.000412  surface
95  99.36  1  0.865863  6.546  9.948  0.022675  0.868350  -0.012279  surface
96  85.67  1  0.872388  6.970  10.922  0.205613  0.839016  -0.019928  surface
97  74.08  1  0.875247  6.376  9.962  0.044473  0.869307  -0.018822  surface
98  84.84  1  0.869613  6.447  10.836  0.041080  0.906269  -0.013935  surface
99  86.07  1  0.884762  6.728  11.812  0.363153  0.886584  -0.020016  surface
100  85.56  1  0.927774  6.567  10.441  0.082960  0.845459  -0.025657  surface
101  91.66  1  0.842462  6.389  11.367  0.087678  0.951644  -0.015497  surface
102  84.45  1  0.848608  6.364  11.173  0.140326  0.970280  -0.007100  surface
103  92.64  1  0.890720  6.360  10.092  0.131653  0.845463  -0.023602  surface
104  82.78  1  0.863623  6.820  11.417  0.243858  0.883076  -0.020816  surface
105  98.18  1  0.890322  6.233  11.100  0.350864  0.872388  -0.015111  surface
106  81.67  1  0.896510  6.518  11.512  0.160293  0.887466  -0.020711  surface
107  94.12  1  0.870196  6.452  10.856  0.289808  0.907848  -0.020959  surface
108  95.82  1  0.918931  6.352  9.590  -0.001731  0.809523  -0.010992  surface
109  71.69  1  0.897411  6.507  11.431  0.318350  0.861806  -0.028828  surface
110  79.39  1  0.891544  6.624  10.847  0.248777  0.859322  -0.030576  surface
111  96.30  1  0.870186  6.610  10.873  0.112965  0.882118  -0.008727  surface
112  76.04  1  0.855468  6.331  10.782  0.129945  0.897919  -0.012948  surface
113  88.01  1  0.875681  6.847  10.498  0.234340  0.861451  -0.025184  surface
114  82.10  1  0.856583  6.335  10.673  0.156511  0.909143  -0.007153  surface
115  97.01  1  0.862321  6.609  11.001  0.169023  0.861463  -0.008462  surface
116  84.67  1  0.878854  6.626  10.702  0.130596  0.860824  -0.020032  surface
117  102.40  1  0.842182  6.915  11.177  0.195686  0.890548  -0.016346  surface
118  86.30  1  0.868003  6.608  11.309  0.186533  0.916973  -0.021936  surface
119  100.78  1  0.844516  6.641  10.403  0.074185  0.874546  -0.021931  surface
120  87.94  1  0.879796  6.881  10.541  0.051199  0.873512  -0.020125  surface
121  90.22  1  0.853948  6.504  11.053  0.097835  0.909579  -0.022235  surface
122  87.04  1  0.854961  6.208  10.569  0.159947  0.867290  -0.027351  surface
123  97.46  1  0.891443  6.486  10.295  0.129022  0.842069  -0.029536  surface
124  75.20  1  0.847366  6.318  11.399  0.119075  0.927387  -0.012823  surface
125  92.42  1  0.856394  6.982  11.970  0.146525  0.991743  -0.019984  surface
126  86.51  1  0.854460  6.454  10.828  0.038332  0.925703  -0.010678  surface
127  88.74  1  0.860806  6.609  11.748  0.167987  0.931364  -0.013725  surface
128  85.72  1  0.869995  6.596  10.078  -0.132045  0.907677  -0.027735  surface
129  94.58  1  0.858000  6.768  10.859  -0.019273  0.982088  -0.014435  surface
130  90.31  1  0.855662  6.727  10.389  -0.084855  0.936082  -0.009052  surface
131  89.68  1  0.848548  6.429  11.431  0.073402  0.973640  -0.010667  surface
132  86.22  1  0.844566  6.529  10.779  -0.001399  0.975231  0.002721  surface
133  92.42  1  0.849296  7.054  11.851  0.087246  1.010265  -0.007530  surface
134  83.33  1  0.850482  6.866  10.872  -0.014937  0.923145  -0.010617  surface
135  58.37  1  0.808203  6.678  10.872  -0.404336  1.075307  -0.000873  S1_pocket
136  82.46  1  0.767703  6.563  12.068  -0.075211  1.112818  -0.000543  surface
137  94.85  1  0.804872  6.575  12.194  0.243993  1.038724  -0.012635  surface
138  73.70  1  0.765199  5.868  11.027  -0.538519  1.183802  -0.003590  S1_pocket
139  87.31  1  0.808271  6.219  12.536  0.376390  1.031947  -0.005109  surface
140  73.35  1  0.839539  6.647  10.804  -0.021967  0.988488  -0.006613  surface
141  76.91  1  0.827332  7.319  11.318  0.002542  0.952064  -0.017170  surface
142  78.17  1  0.846127  7.369  10.590  -0.059426  0.940645  -0.008996  surface
143  93.75  1  0.825408  7.241  10.697  0.087518  0.906023  -0.015049  surface
144  96.01  1  0.829618  6.776  11.465  0.079013  0.985893  -0.008844  surface
145  111.49  1  0.879458  6.734  10.532  0.049408  0.905570  -0.012011  surface
146  95.43  1  0.801512  6.118  11.289  -0.194225  1.038605  -0.003975  surface
147  88.00  1  0.757908  5.810  12.353  -0.567679  1.212239  -0.003531  S1_pocket
148  49.51  0  0.737956  5.686  12.016  -0.643330  1.183602  -0.004999  S1_pocket
149  99.22  1  0.792368  5.741  11.034  -0.544326  1.068645  0.005546  surface
150  43.61  0  0.754332  6.025  11.339  -0.843217  1.184124  -0.010584  S1_pocket
151  81.94  1  0.726648  5.770  11.995  -0.393666  1.197705  -0.010263  S1_pocket
152  78.95  1  0.773357  5.924  10.248  -0.418202  1.076333  -0.011977  surface
153  77.51  1  0.711169  6.141  11.563  -0.545133  1.195762  -0.003074  S1_pocket
154  102.88  1  0.799804  7.049  11.280  -0.598261  1.118768  0.005890  S1_pocket
155  85.21  1  0.784632  5.789  11.219  -0.446228  1.042385  -0.002857  surface
156  50.67  1  0.707235  5.756  12.240  -0.524245  1.283205  -0.006771  S1_pocket
157  60.46  1  0.750952  6.267  11.323  -0.550878  1.197084  0.000157  S1_pocket
158  74.65  1  0.790988  6.036  11.369  -0.245541  1.046777  -0.007791  surface
159  87.98  1  0.758957  6.075  11.805  -0.128481  1.117305  -0.016720  surface
160  51.67  1  0.758804  6.202  11.093  -0.671253  1.142681  -0.013464  S1_pocket
161  52.21  1  0.722946  5.839  11.840  -0.609964  1.225212  -0.003852  S1_pocket
162  53.08  1  0.740743  6.194  11.490  -0.662825  1.199953  -0.000986  S1_pocket
163  96.10  1  0.808443  6.197  11.890  0.257885  0.974927  -0.007348  surface
164  80.20  1  0.849712  6.005  10.888  -0.169744  0.967595  -0.023488  surface
165  68.70  1  0.806483  6.116  10.418  -0.026799  0.936130  -0.027429  surface
166  80.80  1  0.839189  6.377  10.079  0.083482  0.947301  -0.020508  surface
167  62.86  1  0.836314  6.240  11.546  -0.082640  1.019610  -0.018370  surface
168  88.41  1  0.768534  5.611  12.254  0.012076  1.123410  -0.019235  surface
169  74.65  1  0.790541  6.118  11.409  -0.044292  1.022316  -0.006219  surface
170  73.26  1  0.830050  6.880  10.934  -0.178442  0.991771  -0.021300  surface
171  91.31  1  0.780852  6.083  11.900  -0.053047  1.096835  -0.008350  surface
172  97.70  1  0.727008  6.859  13.407  0.775423  1.091453  -0.019509  surface
173  97.61  1  0.709923  6.105  12.894  -0.027824  1.253286  -0.026422  S1_pocket
174  86.76  1  0.757225  6.485  13.596  0.474676  1.150779  -0.016352  surface
175  92.42  1  0.825822  6.490  11.122  0.264737  0.951623  -0.014506  surface
176  85.70  1  0.773618  6.964  11.232  0.067253  1.046199  -0.020493  surface
177  104.17  1  0.749142  6.952  11.625  0.185071  1.106818  -0.015644  surface
178  76.81  1  0.810714  6.888  13.545  0.597713  1.051353  -0.027271  surface
179  83.70  1  0.753620  6.136  12.599  0.199022  1.116076  -0.020145  surface
180  94.90  1  0.794003  6.377  11.927  0.263013  1.024411  -0.019561  surface
181  80.12  1  0.738212  6.468  14.249  0.429700  1.159912  0.000863  surface
182  92.25  1  0.824834  6.591  11.253  0.491819  0.890366  -0.026063  surface
183  84.30  1  0.804562  6.490  11.217  0.509009  0.964547  -0.022604  surface
184  94.00  1  0.833088  6.022  10.363  0.289737  0.881004  -0.025243  surface
185  96.96  1  0.797534  6.666  12.523  0.449236  1.010727  -0.016386  surface
186  95.11  1  0.789434  6.448  14.247  0.616069  1.068016  -0.016237  surface
187  85.63  1  0.763443  6.516  13.172  0.701129  1.039732  -0.016137  surface
188  84.95  1  0.785267  6.571  13.553  0.580860  1.092296  -0.032181  surface
189  80.16  1  0.763563  6.191  12.675  0.471463  1.104589  -0.016627  surface
190  78.50  1  0.752174  6.292  12.404  0.057064  1.117677  -0.007020  surface
191  93.80  1  0.857470  6.584  10.196  -0.154652  0.948852  -0.013853  surface
192  91.96  1  0.803830  6.208  11.446  0.204518  0.955149  -0.015541  surface
193  93.97  1  0.823980  6.250  10.767  0.010143  0.937217  -0.020475  surface
194  88.47  1  0.808396  6.107  12.217  0.061360  0.987048  -0.020265  surface
195  70.87  1  0.870342  6.461  11.078  0.256995  0.871333  -0.023414  surface
196  86.97  1  0.886408  6.076  10.552  0.248792  0.853852  -0.028603  surface
197  97.95  1  0.851079  6.372  11.294  0.407070  0.884459  -0.018639  surface
198  93.67  1  0.810806  6.128  12.975  0.504008  0.962348  -0.020329  surface
199  91.53  1  0.834574  5.938  11.626  0.474574  0.900281  -0.022062  surface
200  93.16  1  0.796652  6.629  12.783  0.510805  1.020236  -0.021292  surface
201  96.79  1  0.847790  6.535  11.815  0.429224  0.915618  -0.013365  surface
202  105.38  1  0.845493  6.659  10.783  0.354741  0.912483  -0.020667  surface
203  94.28  1  0.810678  6.438  11.405  0.349875  0.926468  -0.021693  surface
204  99.56  1  0.804855  6.323  11.886  0.335571  0.980310  -0.012900  surface
205  76.91  1  0.810098  6.836  12.255  0.416627  0.976139  -0.021894  surface
206  102.17  1  0.829788  6.727  10.537  0.456845  0.862051  -0.026737  surface
207  93.89  1  0.840433  6.307  11.056  0.219777  0.893573  -0.022965  surface
208  88.92  1  0.813647  6.560  11.691  0.556330  0.912929  -0.028890  surface
209  89.50  1  0.875115  6.359  10.981  0.367731  0.846562  -0.027856  surface
210  91.39  1  0.804401  6.353  11.964  0.236779  1.002973  -0.027168  surface
211  86.55  1  0.825499  6.084  11.587  0.364895  0.952534  -0.033802  surface
212  92.84  1  0.802959  6.211  11.124  0.184140  0.956448  -0.030955  surface
213  112.08  1  0.855669  6.556  10.157  0.175063  0.884640  -0.028466  surface
214  83.40  1  0.822990  6.125  10.744  0.099882  0.938519  -0.023146  surface
215  82.90  1  0.792131  6.180  10.826  0.022075  1.005848  -0.018536  surface
216  96.97  1  0.817752  6.521  10.351  0.085840  0.930588  -0.020133  surface
217  82.67  1  0.834940  6.322  10.527  -0.003651  0.967150  -0.021141  surface
218  92.63  1  0.826153  6.517  9.984  0.090022  0.877034  -0.017455  surface
219  86.35  1  0.841743  5.902  11.019  0.026712  0.995296  -0.021117  surface
220  78.07  1  0.831035  6.469  10.555  0.035480  0.942365  -0.021250  surface
221  84.47  1  0.802948  6.270  11.238  0.071833  0.955898  -0.018266  surface
222  81.33  1  0.835097  6.192  11.387  0.381985  0.867753  -0.020640  surface
223  97.76  1  0.808419  6.669  10.984  0.242102  0.980783  -0.036547  surface
224  78.55  1  0.815929  6.675  11.890  0.405079  0.963614  -0.026091  surface
225  99.39  1  0.833079  6.130  12.366  0.296889  0.965008  -0.007072  surface
226  93.84  1  0.837714  6.564  11.985  0.439593  0.961821  -0.007085  surface
227  80.57  1  0.804690  6.075  11.204  -0.012672  1.009379  -0.024420  surface
228  76.48  1  0.839774  6.858  11.091  -0.009156  0.947305  -0.009915  surface
229  95.55  1  0.851173  6.290  11.671  0.320716  0.919872  -0.021140  surface
230  75.89  1  0.816750  6.383  11.136  0.071514  1.033675  -0.019486  surface
231  71.21  1  0.850830  6.369  10.908  0.175984  0.956076  -0.010553  surface
232  83.29  1  0.821842  6.691  11.800  0.160498  0.956434  -0.022674  surface
233  91.31  1  0.830089  6.356  11.819  0.565290  0.905339  -0.020398  surface
234  88.69  1  0.832837  6.273  11.128  0.062179  0.965851  -0.020159  surface
235  93.59  1  0.798341  6.792  12.320  0.312129  0.973580  -0.020450  surface
236  84.38  1  0.852669  6.359  12.221  0.340263  0.965567  -0.024909  surface
237  92.43  1  0.842600  6.064  11.909  0.467459  0.935894  -0.014511  surface
238  91.32  1  0.779167  6.029  11.028  0.056153  1.007607  -0.028189  surface
239  101.19  1  0.826235  6.442  11.940  0.181359  0.971261  -0.014508  surface
240  71.46  1  0.815685  6.562  11.679  0.099623  0.993868  -0.013372  surface
241  84.94  1  0.829983  6.126  11.075  0.052356  0.942683  -0.014069  surface
242  79.78  1  0.805523  6.370  11.528  0.164571  1.006897  -0.031424  surface
243  92.54  1  0.817309  6.749  10.287  -0.145255  0.982503  -0.018700  surface
244  90.10  1  0.827771  6.240  11.491  0.238395  0.977740  -0.021767  surface
245  72.68  1  0.769699  5.903  12.607  0.129259  1.063698  -0.030475  surface
246  80.62  1  0.789380  6.135  11.818  -0.075822  1.092480  -0.007881  surface
247  94.54  1  0.798309  6.127  10.707  -0.041870  0.992269  -0.015354  surface
248  80.97  1  0.815926  6.433  10.342  -0.131361  0.972392  -0.019911  surface
249  72.27  1  0.823811  6.692  10.162  0.016080  0.946896  -0.023642  surface
250  82.97  1  0.778168  6.775  12.161  0.315599  1.065956  -0.019464  surface
251  93.15  1  0.841427  6.460  9.573  -0.249344  0.950941  -0.018781  surface
252  78.80  1  0.813617  6.788  10.290  0.077971  0.983361  -0.030473  surface
253  86.18  1  0.831432  6.961  10.765  -0.101188  0.995219  -0.016495  surface
254  68.08  1  0.814791  6.317  11.254  -0.087122  1.059977  -0.019098  surface
255  83.52  1  0.773478  6.585  11.685  0.177585  1.102934  -0.025039  surface
256  86.38  1  0.799754  6.308  11.585  0.024828  1.016389  -0.025134  surface
257  82.03  1  0.868501  6.317  10.408  0.177474  0.897804  -0.025676  surface
258  88.49  1  0.847030  6.143  9.235  0.006469  0.907911  -0.024663  surface
259  80.35  1  0.860753  5.962  9.869  0.014797  0.880451  -0.026058  surface
260  79.65  1  0.862649  6.234  8.862  -0.010976  0.837656  -0.037972  surface
261  72.12  1  0.835959  5.745  9.550  -0.231567  0.932716  -0.015936  surface
262  85.31  1  0.871486  6.460  9.390  -0.004736  0.885004  -0.032608  surface
263  73.52  1  0.870704  6.245  9.007  0.058393  0.818761  -0.032985  surface
264  85.19  1  0.814561  6.396  11.091  0.295781  0.977788  -0.020841  surface
265  80.14  1  0.888549  6.854  9.508  0.121809  0.839070  -0.049852  surface
266  73.10  1  0.885218  6.465  10.276  0.279021  0.835946  -0.024267  surface
267  95.05  1  0.900519  7.619  8.391  -0.035579  0.810191  -0.035713  surface
268  82.21  1  0.857813  6.493  9.196  -0.073564  0.867436  -0.028369  surface
269  83.96  1  0.872030  6.295  10.195  0.311872  0.861730  -0.026483  surface
270  84.19  1  0.873682  6.189  10.405  0.281384  0.824072  -0.018345  surface
271  95.52  1  0.849795  6.094  9.633  -0.057508  0.882912  -0.024138  surface
272  103.14  1  0.888919  5.928  9.506  0.091535  0.856763  -0.014597  surface
273  82.96  1  0.834970  6.209  10.524  0.152316  0.918070  -0.028204  surface
274  108.77  1  0.891809  6.873  10.020  0.255537  0.810299  -0.034182  surface
275  89.06  1  0.885154  6.595  9.463  0.017883  0.868884  -0.023434  surface
276  81.67  1  0.813900  6.206  11.714  0.087280  1.026529  -0.010168  surface
277  80.99  1  0.864223  7.551  9.803  -0.171416  0.902071  -0.023248  surface
278  103.32  1  0.859810  6.156  10.633  0.186221  0.919864  -0.023857  surface
279  85.31  1  0.809321  6.051  11.808  0.268354  1.015317  -0.006670  surface
280  96.05  1  0.821839  6.677  10.521  0.257870  0.907949  -0.020695  surface
281  77.42  1  0.828271  6.122  11.455  0.169359  0.977327  -0.016519  surface
282  92.25  1  0.811761  6.338  10.589  0.022085  0.966592  -0.020266  surface
283  97.46  1  0.855078  6.194  10.040  0.148405  0.960392  -0.024777  surface
284  81.78  1  0.877403  6.327  9.079  0.064896  0.894335  -0.019735  surface
285  106.18  1  0.871477  6.750  9.430  0.005456  0.848437  -0.011608  surface
286  97.62  1  0.901325  6.337  9.299  0.049666  0.787289  -0.041368  surface
287  93.22  1  0.851447  6.213  9.643  0.121540  0.903627  -0.015733  surface
288  85.75  1  0.875208  6.817  9.523  0.217768  0.825376  -0.019564  surface
289  92.18  1  0.833339  6.536  13.221  0.683410  0.990703  -0.023153  surface
290  98.28  1  0.848319  6.664  11.839  0.371810  0.912923  -0.029053  surface
291  78.08  1  0.805643  6.246  11.600  0.257591  0.933780  -0.012275  surface
292  110.29  1  0.905498  6.499  8.791  0.144252  0.737692  -0.029429  surface
293  91.93  1  0.896395  7.008  8.251  -0.190859  0.786356  -0.035985  surface
294  109.52  1  0.873183  6.168  10.909  0.404618  0.830527  -0.026401  surface
295  91.42  1  0.877668  7.510  9.683  0.049632  0.822090  -0.023260  surface
296  100.56  1  0.874637  6.461  10.581  0.273368  0.838272  -0.017173  surface
297  92.95  1  0.844476  6.832  11.504  0.467533  0.876179  -0.017931  surface
298  73.71  1  0.792712  6.031  13.387  0.429532  1.048788  -0.013261  surface
299  97.36  1  0.889343  7.547  9.753  0.346141  0.827456  -0.014185  surface
300  99.44  1  0.811716  7.204  10.890  0.151017  0.989336  -0.024687  surface
301  92.35  1  0.871361  6.797  10.030  0.213740  0.836258  -0.018259  surface
302  84.73  1  0.707369  6.314  13.189  0.239338  1.162180  -0.022590  surface
303  89.53  1  0.726076  6.606  14.325  0.605093  1.133836  -0.018764  surface
304  94.77  1  0.811477  6.782  13.121  0.732851  0.980128  -0.009231  surface
305  97.55  1  0.810906  6.182  12.982  0.569852  1.038407  -0.016077  surface
306  100.13  1  0.781794  6.580  12.469  0.666993  1.006797  -0.023617  surface
307  78.45  1  0.801747  6.961  13.320  0.641805  1.055728  -0.015186  surface
308  86.27  1  0.821846  6.356  12.737  0.570032  0.985011  -0.018580  surface
309  85.55  1  0.807658  6.642  14.008  0.779680  1.041137  -0.016632  surface
310  88.73  1  0.815779  6.779  13.237  0.653746  1.026106  -0.020999  surface
311  78.68  1  0.743033  6.707  13.865  0.472672  1.133340  -0.017860  surface
312  92.55  1  0.839320  6.780  12.687  0.665987  0.986278  -0.016894  surface
313  82.62  1  0.796335  6.739  13.614  0.758571  1.000411  -0.010775  surface
314  84.78  1  0.834028  6.468  12.607  0.660242  0.947701  -0.022818  surface
315  74.46  1  0.811861  6.316  13.841  0.594149  1.056396  -0.023192  surface
316  97.81  1  0.799265  5.976  12.867  0.663237  1.026386  -0.012680  surface
317  95.41  1  0.841473  6.438  12.591  0.665640  0.953803  -0.021058  surface
318  82.15  1  0.835645  6.305  13.513  0.602607  1.019955  -0.020353  surface
319  108.76  1  0.797711  6.622  13.600  0.621795  1.029532  -0.021077  surface
320  77.14  1  0.784541  6.208  13.452  0.519221  1.081694  -0.023799  surface
321  80.30  1  0.808251  6.475  12.263  0.332615  0.990126  -0.006820  surface
322  96.88  1  0.784243  6.522  12.762  0.543754  1.019899  -0.020678  surface
323  91.35  1  0.823653  6.603  13.224  0.656195  0.995007  -0.010753  surface
324  84.31  1  0.775843  6.567  13.472  0.594781  1.075598  -0.015938  surface
325  83.08  1  0.793611  6.797  13.206  0.663859  1.081098  -0.022570  surface
326  111.17  1  0.813502  6.360  13.599  0.706447  1.003610  -0.025772  surface
327  101.99  1  0.789592  6.587  12.761  0.534973  1.042956  -0.027099  surface
328  98.65  1  0.804055  6.609  13.309  0.645083  1.036159  -0.028160  surface
329  86.66  1  0.806667  6.521  13.411  0.619394  1.030506  -0.022172  surface
330  85.31  1  0.807131  6.646  14.278  0.674782  1.087881  -0.030147  surface
331  89.40  1  0.802743  6.777  13.852  0.597679  1.024861  -0.029483  surface
332  86.30  1  0.788504  6.033  13.488  0.571630  1.074935  -0.018997  surface
333  87.79  1  0.778819  6.330  14.410  0.505446  1.141532  -0.019732  surface
334  82.97  1  0.784386  6.181  13.629  0.533140  1.090907  -0.016519  surface
335  101.63  1  0.728797  6.429  13.829  0.384660  1.207720  -0.019159  surface
336  82.19  1  0.784513  6.042  12.150  -0.053214  1.077147  -0.007686  surface
337  80.98  1  0.811120  6.853  9.824  0.111859  0.897983  -0.061806  surface
338  81.99  1  0.804075  6.656  10.875  0.102637  0.987805  -0.032712  surface
339  76.88  1  0.760543  6.485  11.597  0.021204  1.072712  -0.010845  surface
340  102.97  1  0.817131  6.369  11.430  0.309114  0.954740  -0.023599  surface
341  86.71  1  0.804433  6.220  11.080  0.053890  1.048067  -0.021939  surface
342  83.89  1  0.823717  6.785  10.559  -0.032215  0.997782  0.014422  surface
343  85.21  1  0.826277  6.109  10.797  0.064049  0.937197  -0.020229  surface
344  106.89  1  0.825333  6.138  10.519  0.071618  0.933164  -0.031059  surface
345  84.88  1  0.838730  6.428  9.985  -0.180856  0.918722  -0.008128  surface
346  74.19  1  0.809985  5.956  9.941  -0.261280  0.996415  -0.018183  surface
347  81.19  1  0.830921  6.330  9.342  -0.054977  0.877384  -0.016128  surface
348  80.16  1  0.832381  6.221  10.114  -0.153493  0.901167  -0.017792  surface
349  77.02  1  0.825517  6.374  10.426  0.114181  0.934268  -0.023153  surface
350  97.65  1  0.863689  6.439  10.052  0.292739  0.854973  -0.030250  surface
351  100.30  1  0.859315  6.357  9.307  0.077177  0.823679  -0.059109  surface
352  86.79  1  0.857781  6.771  9.338  0.182613  0.807510  -0.048126  surface
353  86.64  1  0.844163  6.088  10.103  0.016917  0.871543  -0.028917  surface
354  79.22  1  0.829480  6.230  9.964  -0.238811  0.943037  -0.002103  surface
355  68.61  1  0.823569  6.444  10.313  -0.220774  0.980402  -0.003547  surface
356  102.16  1  0.866955  6.327  10.339  0.251008  0.888568  -0.013805  surface
357  79.25  1  0.863190  7.075  8.785  -0.115001  0.838052  -0.048155  surface
358  96.28  1  0.851178  6.504  9.725  0.088581  0.827916  -0.064770  surface
359  88.51  1  0.853744  6.471  9.591  0.147391  0.812106  -0.056173  surface
360  97.30  1  0.871581  6.430  9.066  -0.040764  0.810009  -0.049537  surface
361  87.40  1  0.871888  6.422  8.623  0.158291  0.766910  -0.051524  surface
362  97.53  1  0.891594  6.699  8.892  -0.054636  0.786754  -0.039144  surface
363  90.00  1  0.883859  6.740  8.480  -0.019066  0.787121  -0.062635  surface
364  88.69  1  0.862530  6.407  8.790  -0.085058  0.801341  -0.052690  surface
365  91.07  1  0.921863  7.336  8.340  -0.177256  0.729054  -0.052807  surface
366  100.07  1  0.828600  6.645  10.679  0.482389  0.822995  -0.023016  surface
367  91.95  1  0.893033  6.737  8.363  0.081251  0.740267  -0.053633  surface
368  94.76  1  0.906901  7.387  8.465  -0.247459  0.816180  -0.056059  surface
369  107.85  1  0.944029  6.828  8.407  0.096800  0.767211  -0.040423  surface
370  100.24  1  0.940727  7.164  8.058  -0.088480  0.773626  -0.036334  surface
371  97.98  1  0.917594  7.159  8.661  0.036861  0.759777  -0.042556  surface
372  95.95  1  0.922855  7.362  8.331  -0.093915  0.760886  -0.047973  surface
373  96.29  1  0.954497  7.110  8.308  -0.157207  0.768889  -0.044348  surface
374  88.72  1  0.925580  6.902  8.041  -0.049930  0.712282  -0.056539  surface
375  101.15  1  0.924762  7.130  8.475  -0.186804  0.813988  -0.041275  surface
376  106.66  1  0.849001  6.286  9.364  0.056758  0.839501  -0.055797  surface
377  98.07  1  0.816100  7.064  12.290  0.634486  0.990389  -0.007963  surface
378  83.86  1  0.852365  6.723  8.309  -0.038620  0.810488  -0.034862  surface
379  103.72  1  0.868198  7.214  8.573  0.055575  0.808067  -0.050633  surface
380  86.91  1  0.837492  6.696  8.917  0.197077  0.858254  -0.062788  surface
381  88.15  1  0.888352  6.610  9.204  0.116211  0.828167  -0.032738  surface
382  72.92  1  0.919657  6.490  8.437  0.216447  0.754304  -0.038901  surface
383  107.61  1  0.919171  6.869  8.757  0.039478  0.782490  -0.061508  surface
384  99.23  1  0.941320  7.374  8.683  -0.050321  0.774549  -0.036813  surface
385  102.74  1  0.923673  6.839  8.151  -0.056317  0.741605  -0.058367  surface
386  107.55  1  0.945760  7.439  8.121  -0.234877  0.769689  -0.046971  surface
387  101.05  1  0.906350  6.981  8.508  -0.121993  0.774185  -0.048746  surface
388  95.42  1  0.933125  6.859  8.258  0.106713  0.740487  -0.043317  surface
389  93.00  1  0.918362  7.880  8.252  0.061681  0.741082  -0.042755  surface
390  110.54  1  0.904838  7.447  8.267  0.083087  0.793421  -0.047880  surface
391  101.29  1  0.898002  6.804  8.269  0.127103  0.783732  -0.050916  surface
392  95.58  1  0.915444  7.678  8.639  0.114791  0.798113  -0.059271  surface
393  99.54  1  0.915215  6.811  8.827  0.140015  0.799825  -0.031375  surface
394  99.20  1  0.841465  6.159  10.654  0.245887  0.935619  -0.024182  surface
395  93.90  1  0.896669  6.844  9.097  0.247610  0.780458  -0.047937  surface
396  108.27  1  0.895245  7.670  9.445  0.167896  0.772462  -0.032581  surface
397  85.59  1  0.872420  7.626  9.772  -0.001037  0.826729  -0.023768  surface
398  84.41  1  0.854503  7.249  10.725  0.157790  0.956565  -0.011984  surface
399  79.45  1  0.787987  6.948  11.449  -0.169296  1.075812  -0.040445  surface
400  72.36  1  0.806922  5.728  10.790  -0.100510  0.998690  -0.009893  surface
401  98.79  1  0.861027  6.703  9.829  -0.030203  0.927065  -0.012984  surface
402  98.24  1  0.897582  7.086  8.909  0.165552  0.778491  -0.044198  surface
403  105.01  1  0.880946  6.560  8.628  -0.122879  0.811728  -0.012034  surface
404  99.46  1  0.878651  7.259  8.882  0.242690  0.784608  -0.026240  surface
405  95.88  1  0.899770  6.471  9.609  0.193724  0.773357  -0.030805  surface
406  90.16  1  0.881297  6.181  9.401  -0.085721  0.878685  -0.046243  surface
407  93.99  1  0.915149  6.509  9.304  0.361069  0.740250  -0.019927  surface
408  89.77  1  0.858801  6.729  10.159  0.190756  0.872554  -0.023391  surface
409  83.41  1  0.917359  6.544  8.789  -0.099440  0.763114  -0.027127  surface
410  113.53  1  0.898527  6.771  10.044  0.448363  0.751228  -0.022009  surface
411  91.04  1  0.878780  6.829  9.051  -0.090514  0.815089  -0.023023  surface
412  82.63  1  0.869688  5.900  10.414  0.279037  0.818731  -0.028984  surface
413  85.51  1  0.903998  6.865  7.965  0.112202  0.722561  -0.032280  surface
414  92.30  1  0.904669  6.282  8.490  0.243509  0.743060  -0.055155  surface
415  89.50  1  0.878393  6.632  7.698  0.022715  0.783438  -0.049140  surface
416  98.90  1  0.908281  6.449  8.054  -0.118872  0.752122  -0.039262  surface
417  95.50  1  0.885840  6.969  10.254  0.401578  0.777430  -0.028010  surface
418  106.12  1  0.937193  7.480  8.447  -0.042557  0.757604  -0.059656  surface
419  92.84  1  0.905896  6.857  8.939  0.083262  0.762598  -0.046719  surface
420  98.46  1  0.854784  6.354  10.099  0.286263  0.842227  -0.023404  surface
421  87.38  1  0.907161  6.476  9.606  0.115492  0.767358  -0.037508  surface
422  72.98  1  0.882141  6.480  9.548  0.001050  0.798640  -0.023514  surface
423  93.28  1  0.912600  7.234  9.283  0.188164  0.718716  -0.028745  surface
424  86.59  1  0.899912  6.310  9.414  0.116713  0.797249  -0.032160  surface
425  89.57  1  0.881905  6.359  10.023  0.103624  0.833300  -0.031789  surface
426  93.39  1  0.785237  6.261  12.302  0.411937  1.016976  -0.009962  surface
427  84.86  1  0.796680  6.228  12.102  0.323250  1.000293  -0.019489  surface
428  88.35  1  0.889658  6.918  9.832  0.212342  0.806882  -0.033068  surface
429  86.92  1  0.839941  6.117  11.053  0.072815  0.974807  -0.032657  surface
430  104.87  1  0.865574  6.304  9.690  0.037671  0.907490  -0.024843  surface
431  104.39  1  0.864558  7.166  9.893  -0.095232  0.927105  -0.014019  surface
432  97.63  1  0.863392  6.964  10.977  -0.010269  1.006351  -0.027675  surface
433  108.57  1  0.866847  6.512  9.958  0.114089  0.894283  -0.025652  surface
434  92.60  1  0.852623  6.155  10.622  0.109143  0.922373  -0.020908  surface
435  101.09  1  0.871093  5.730  10.250  0.177962  0.886857  -0.027795  surface
436  99.88  1  0.849446  6.336  10.368  0.239242  0.896450  -0.013028  surface
437  89.36  1  0.798952  6.503  12.264  0.373878  1.054669  -0.017407  surface
438  80.37  1  0.833371  6.589  10.540  0.118547  0.950879  -0.020928  surface
439  89.70  1  0.859010  7.225  10.668  -0.022682  0.977231  -0.004571  surface
440  105.07  1  0.869163  7.032  10.021  -0.089865  0.924548  -0.006221  surface
441  83.53  1  0.839811  6.770  10.963  -0.213856  1.031398  -0.012125  surface
442  85.33  1  0.832522  6.432  9.732  -0.203582  0.946153  -0.012425  surface
443  88.44  1  0.838499  6.838  9.921  -0.172363  0.933295  -0.020199  surface
444  85.35  1  0.817148  6.594  11.289  -0.149466  1.023100  -0.013437  surface
445  75.78  1  0.760429  6.479  12.276  0.000075  1.138511  -0.024836  surface
446  80.53  1  0.846734  6.942  11.781  0.551792  0.896054  -0.018320  surface
447  95.68  1  0.862666  7.007  10.489  0.127953  0.874939  -0.015814  surface
448  84.70  1  0.829117  6.521  11.587  0.224737  0.967990  -0.010394  surface
449  113.28  1  0.838091  6.448  11.613  0.377992  0.968809  -0.037594  surface
450  85.05  1  0.851081  6.712  10.750  -0.084939  0.991434  -0.019083  surface
451  92.14  1  0.834445  6.676  10.820  -0.124063  0.991093  -0.011059  surface
452  98.00  1  0.839785  6.416  11.358  0.238224  1.003047  -0.020551  surface
453  88.19  1  0.854978  6.986  10.846  -0.089667  0.943131  -0.030300  surface
454  91.94  1  0.867213  6.445  8.758  -0.231950  0.866226  -0.048837  surface
455  96.87  1  0.841082  6.471  9.328  0.175025  0.843458  -0.056829  surface
456  105.47  1  0.897843  7.094  8.857  0.199141  0.715459  -0.023545  surface
457  94.85  1  0.881759  7.299  8.181  -0.403312  0.845946  -0.048609  surface
458  98.68  1  0.900490  6.923  8.669  -0.044008  0.774597  -0.018728  surface
459  88.66  1  0.894030  6.633  8.225  -0.176026  0.797100  -0.051570  surface
460  80.79  1  0.876745  7.267  8.550  -0.224304  0.791044  -0.045718  surface
461  96.55  1  0.899822  8.034  7.974  -0.266818  0.771852  -0.052148  surface
462  85.76  1  0.864380  7.339  8.010  -0.190756  0.812697  -0.063410  surface
463  88.94  1  0.879214  7.269  8.966  -0.053281  0.808799  -0.058008  surface
464  114.73  1  0.880433  8.408  8.491  -0.168591  0.776050  -0.065422  surface
465  91.74  1  0.861036  7.870  8.459  -0.219408  0.820136  -0.056769  surface
466  82.89  1  0.866420  7.506  8.565  -0.269203  0.848227  -0.060623  surface
467  100.87  1  0.865063  7.511  8.605  -0.001261  0.809458  -0.061393  surface
468  98.35  1  0.863560  6.755  8.703  0.054545  0.843759  -0.047486  surface
469  87.13  1  0.837604  6.885  12.493  0.668753  0.897532  -0.013249  surface
470  93.74  1  0.859312  6.419  11.993  0.482843  0.890391  -0.020188  surface
471  89.01  1  0.816183  5.976  11.267  0.051653  0.911049  -0.015042  surface
472  81.02  1  0.846977  6.226  10.055  -0.079792  0.827500  -0.028783  surface
473  84.52  1  0.832868  6.150  10.565  0.027582  0.869836  -0.009352  surface
474  88.32  1  0.837692  5.867  11.219  0.093224  0.967893  -0.018542  surface
475  96.37  1  0.820687  5.738  11.722  0.279215  0.901407  -0.026307  surface
476  96.66  1  0.867730  6.504  9.802  -0.140235  0.810660  -0.016729  surface
477  97.91  1  0.880498  5.990  10.066  0.321059  0.759038  -0.014793  surface
478  102.09  1  0.861384  7.068  7.461  -0.242224  0.739851  -0.041363  surface
479  101.03  1  0.930521  6.580  8.044  0.175848  0.647740  -0.054183  surface
480  103.11  1  0.917297  6.137  8.306  0.214214  0.700938  -0.034661  surface
481  81.17  1  0.921220  6.358  7.286  -0.046312  0.742389  -0.045768  surface
482  103.98  1  0.877907  6.174  8.355  0.049697  0.792745  -0.068492  surface
483  85.45  1  0.911746  6.391  8.700  0.037994  0.741241  -0.057403  surface
484  91.30  1  0.879272  6.528  8.709  0.213769  0.804190  -0.049295  surface
485  89.90  1  0.884838  6.499  8.421  -0.112537  0.813383  -0.047513  surface
486  86.73  1  0.875099  6.541  8.220  -0.132233  0.793814  -0.064238  surface
487  91.98  1  0.884328  6.229  8.506  0.080819  0.795240  -0.050906  surface
488  89.48  1  0.902002  6.491  8.759  0.017533  0.765792  -0.067331  surface
489  96.01  1  0.883131  6.267  9.745  0.241338  0.830633  -0.015113  surface
490  95.80  1  0.906333  6.416  8.706  0.091250  0.789394  -0.052443  surface
491  97.34  1  0.886529  6.701  8.824  -0.043995  0.793581  -0.023017  surface
492  116.71  1  0.878457  6.724  8.812  -0.015648  0.793063  -0.050787  surface
493  94.33  1  0.896965  6.402  8.966  -0.033483  0.844932  -0.033238  surface
494  104.33  1  0.887448  6.458  9.364  0.171755  0.806518  -0.061024  surface
495  97.29  1  0.898416  6.657  8.830  0.008184  0.807419  -0.054191  surface
496  98.74  1  0.879815  6.691  8.572  -0.023330  0.788362  -0.051358  surface
497  93.32  1  0.898621  6.522  8.588  0.061171  0.802507  -0.062375  surface
498  90.25  1  0.890933  6.393  7.588  -0.021041  0.774060  -0.057516  surface
499  90.93  1  0.919406  6.377  8.483  0.193045  0.756878  -0.042116  surface
500  88.81  1  0.884513  6.466  8.392  0.076876  0.765190  -0.039488  surface
501  105.34  1  0.904890  6.183  9.150  0.150069  0.808317  -0.055209  surface
502  93.64  1  0.920339  6.710  8.610  0.034398  0.735039  -0.057349  surface
503  78.21  1  0.888273  6.150  9.157  0.015862  0.837299  -0.038828  surface
504  90.26  1  0.919568  6.641  8.419  -0.046156  0.723120  -0.061219  surface
505  90.99  1  0.951725  6.451  8.140  -0.035986  0.723173  -0.045634  surface
506  79.44  1  0.909917  6.327  8.213  -0.075452  0.763075  -0.056436  surface
507  100.68  1  0.948342  6.626  7.615  -0.023586  0.667745  -0.060773  surface
508  103.92  1  0.905879  6.200  8.661  0.169691  0.753431  -0.064790  surface
509  93.73  1  0.937258  6.011  8.217  -0.017672  0.746274  -0.040302  surface
510  94.10  1  0.929314  6.514  8.670  0.000414  0.775031  -0.061075  surface
511  98.98  1  0.946017  6.297  8.548  0.055770  0.697785  -0.047869  surface
512  97.06  1  0.922797  6.405  8.878  -0.107155  0.793431  -0.053826  surface
513  104.70  1  0.909557  6.523  8.392  0.032294  0.750331  -0.058882  surface
514  106.90  1  0.936439  6.383  9.738  0.314416  0.788227  -0.025286  surface
515  84.18  1  0.948983  6.632  8.949  0.023326  0.771032  -0.046027  surface
516  103.21  1  0.944669  6.472  8.416  0.071481  0.759900  -0.048011  surface
517  88.87  1  0.933624  6.411  8.703  0.011059  0.799685  -0.040012  surface
518  80.80  1  0.948403  6.391  8.501  -0.000144  0.771013  -0.036759  surface
519  73.64  1  0.907518  6.246  8.796  -0.154148  0.869871  -0.044673  surface
520  91.79  1  0.931145  6.418  8.340  -0.098050  0.816747  -0.049465  surface
521  90.64  1  0.892362  6.651  8.691  -0.092459  0.844370  -0.042113  surface
522  98.72  1  0.890712  5.933  8.288  0.125797  0.814072  -0.031250  surface
523  94.21  1  0.932686  5.969  7.677  -0.062789  0.799277  -0.049907  surface
524  101.23  1  0.915555  6.657  7.438  -0.116944  0.788916  -0.050450  surface
525  100.37  1  0.915533  6.561  7.698  -0.049070  0.740346  -0.056197  surface
526  97.84  1  0.909824  6.916  7.756  0.048845  0.710607  -0.044827  surface
527  92.16  1  0.898259  6.171  8.039  -0.017005  0.789310  -0.040363  surface
528  90.65  1  0.923729  6.671  7.587  -0.014811  0.764876  -0.032476  surface
529  88.79  1  0.906557  6.489  7.710  0.144839  0.784855  -0.049542  surface
530  94.84  1  0.898085  7.144  7.969  -0.073888  0.811921  -0.055068  surface
531  92.15  1  0.910462  6.873  7.664  -0.076841  0.779720  -0.058871  surface
532  104.09  1  0.904801  7.005  7.699  -0.077566  0.731132  -0.054616  surface
533  94.78  1  0.886040  5.958  8.552  0.106671  0.823581  -0.030736  surface
534  80.83  1  0.881875  6.998  8.118  -0.163104  0.845020  -0.059417  surface
535  89.71  1  0.855682  6.093  8.808  -0.057042  0.847337  -0.019491  surface
536  78.94  1  0.873841  6.693  8.586  0.193176  0.818486  -0.050540  surface
537  79.96  1  0.849001  6.799  7.566  -0.231542  0.828007  -0.045420  surface
538  95.19  1  0.897620  7.274  7.715  -0.045070  0.776697  -0.045274  surface
539  89.82  1  0.864888  6.656  7.901  -0.002409  0.835026  -0.052568  surface
540  90.35  1  0.864864  6.134  8.607  0.079465  0.852361  -0.061457  surface
541  99.81  1  0.892657  6.724  8.109  0.009870  0.785483  -0.043635  surface
542  84.43  1  0.923128  7.062  7.371  -0.172363  0.750207  -0.055360  surface
543  98.60  1  0.927514  6.563  7.898  -0.062423  0.756377  -0.034824  surface
544  97.69  1  0.906688  6.632  7.848  -0.081690  0.761771  -0.029207  surface
545  87.88  1  0.896164  6.196  8.113  -0.108629  0.836194  -0.027626  surface
546  88.76  1  0.890843  6.335  8.183  -0.044037  0.761685  -0.022937  surface
547  101.56  1  0.897154  6.516  8.363  0.015586  0.798967  -0.056105  surface
548  86.07  1  0.910154  6.962  7.853  0.137961  0.741850  -0.059856  surface
549  91.01  1  0.893141  6.925  7.491  -0.116352  0.773042  -0.053987  surface
550  86.73  1  0.902688  7.346  7.662  -0.219667  0.772662  -0.058380  surface
551  97.28  1  0.900765  7.062  7.384  -0.161117  0.770016  -0.049218  surface
552  107.44  1  0.879537  6.916  8.239  0.016320  0.810030  -0.049122  surface
553  97.28  1  0.903383  7.539  7.689  -0.130576  0.734117  -0.045827  surface
554  96.51  1  0.899409  6.652  7.505  -0.141667  0.736128  -0.059195  surface
555  86.61  1  0.897188  6.568  7.702  -0.061221  0.735529  -0.060859  surface
556  89.68  1  0.930048  6.800  7.524  -0.211998  0.722210  -0.050357  surface
557  100.16  1  0.897227  6.288  7.336  -0.236872  0.739006  -0.061856  surface
558  94.91  1  0.914493  5.931  8.184  0.114377  0.739174  -0.045343  surface
559  86.84  1  0.931468  6.248  7.542  -0.218292  0.719723  -0.040917  surface
560  95.27  1  0.908330  6.692  7.518  -0.110932  0.790775  -0.034716  surface
561  85.02  1  0.887122  5.979  8.173  -0.141295  0.843474  -0.038534  surface
562  101.11  1  0.900619  6.553  8.034  -0.119860  0.823023  -0.054276  surface
563  95.51  1  0.911411  6.476  7.630  -0.093778  0.776812  -0.060386  surface
564  91.88  1  0.917944  6.194  7.865  -0.168956  0.789000  -0.066533  surface
565  86.92  1  0.866483  6.478  10.560  0.396291  0.826415  -0.028718  surface
566  95.70  1  0.911765  6.063  8.158  -0.002354  0.779171  -0.045885  surface
567  84.82  1  0.921844  6.485  7.755  -0.114680  0.729768  -0.051690  surface
568  113.28  1  0.918251  6.978  8.219  0.063614  0.764540  -0.044480  surface
569  100.89  1  0.912116  6.794  8.201  0.025922  0.781407  -0.028187  surface
570  96.54  1  0.899120  6.893  8.581  -0.169047  0.815491  -0.026553  surface
571  97.03  1  0.903652  6.522  8.531  -0.091434  0.777835  -0.063326  surface
572  94.63  1  0.924426  6.478  8.053  0.140965  0.721565  -0.052728  surface
573  86.73  1  0.919531  7.382  8.955  -0.237818  0.808467  -0.011320  surface
574  82.99  1  0.887479  7.461  7.728  -0.240450  0.761421  -0.034149  surface
575  94.85  1  0.898197  7.245  8.785  -0.141027  0.806543  -0.057597  surface
576  92.61  1  0.900269  7.361  8.500  -0.177690  0.776875  -0.022075  surface
577  98.61  1  0.922293  6.734  8.177  0.081232  0.758725  -0.029682  surface
578  84.19  1  0.938836  7.370  7.096  -0.272954  0.784156  -0.050868  surface
579  89.46  1  0.930670  6.342  8.146  0.044754  0.781508  -0.025042  surface
580  86.78  1  0.923918  6.926  8.287  0.120692  0.737776  -0.044731  surface
581  105.30  1  0.901351  6.667  7.876  -0.099887  0.783475  -0.029121  surface
582  91.49  1  0.906170  7.151  7.799  -0.116030  0.779589  -0.053765  surface
583  95.03  1  0.902079  7.458  7.381  -0.144569  0.767875  -0.058442  surface
584  105.82  1  0.883364  6.731  7.660  -0.114566  0.790546  -0.046772  surface
585  79.97  1  0.902167  6.249  9.285  0.072044  0.812184  -0.050078  surface
586  101.61  1  0.923672  7.397  7.736  0.011949  0.742187  -0.054894  surface
587  110.48  1  0.898463  7.550  7.621  -0.050460  0.744802  -0.022483  surface
588  92.60  1  0.890037  7.187  7.608  -0.036080  0.736843  -0.055602  surface
589  92.89  1  0.909765  6.611  7.335  -0.270416  0.792242  -0.042200  surface
590  102.55  1  0.894987  7.137  7.785  -0.135083  0.789965  -0.040318  surface
591  99.99  1  0.905083  7.111  7.352  -0.615736  0.857586  -0.047824  surface
592  90.97  1  0.906689  7.114  8.840  0.016809  0.809448  -0.038519  surface
593  104.44  1  0.864045  6.670  7.937  -0.129366  0.822159  -0.055411  surface
594  110.40  1  0.892983  7.221  8.254  -0.111378  0.840817  -0.047184  surface
595  106.86  1  0.908050  7.481  8.627  -0.171842  0.822261  -0.044960  surface
596  76.74  1  0.864840  6.820  8.669  -0.272139  0.855724  -0.055376  surface
597  106.02  1  0.879759  7.503  7.606  -0.264708  0.762676  -0.039897  surface
598  96.97  1  0.897118  7.587  7.333  -0.460931  0.814934  -0.051883  surface
599  46.37  0  0.858099  7.864  6.700  -0.804623  0.880779  -0.046057  S3_pocket
600  104.49  1  0.934848  8.930  6.514  -0.872583  0.773655  -0.006455  S3_pocket
601  104.18  1  0.940784  10.937  5.363  -0.843350  0.670478  -0.014431  S3_pocket
602  75.64  1  0.939709  11.301  6.365  -0.499839  0.700487  0.015073  S3_pocket
603  136.91  1  0.959666  10.827  6.240  -0.202031  0.627362  -0.002295  S3_pocket
604  60.22  1  0.935450  10.147  5.562  -0.954542  0.697430  -0.045955  S3_pocket
605  102.83  1  0.951949  10.673  5.495  -0.819583  0.663309  -0.007037  S3_pocket
606  89.16  1  0.956363  10.832  6.122  -0.864370  0.659508  -0.002518  S3_pocket
607  112.83  1  0.949050  11.232  6.047  -0.580364  0.679582  0.001504  S3_pocket
608  98.20  1  0.961119  11.393  6.093  -0.714683  0.654371  -0.001982  S3_pocket
609  132.52  1  0.958602  10.682  5.861  -0.636484  0.639735  0.001412  S3_pocket
610  104.39  1  0.935284  10.436  6.214  -0.793931  0.723678  -0.004181  S3_pocket
611  131.62  1  0.957218  11.502  6.042  -0.559204  0.632392  -0.016735  S3_pocket
612  88.83  1  0.916824  10.481  5.774  -0.882192  0.720464  -0.005131  S3_pocket
613  108.13  1  0.942709  10.099  6.144  -0.762397  0.691586  -0.015175  S3_pocket
614  89.05  1  0.926682  10.454  6.440  -0.807702  0.747364  -0.002518  S3_pocket
615  98.48  1  0.923372  10.541  6.116  -0.715219  0.724209  -0.012533  S3_pocket
616  106.50  1  0.903250  10.615  6.311  -0.831672  0.766160  -0.007097  S3_pocket
617  109.87  1  0.941217  10.048  5.713  -0.843235  0.661941  -0.005522  S3_pocket
618  134.00  1  0.955113  10.244  6.089  -0.560524  0.633898  -0.007104  S3_pocket
619  123.88  1  0.919191  9.754  6.233  -0.795104  0.720575  -0.012036  S3_pocket
620  130.15  1  0.927404  9.953  5.599  -0.767159  0.651714  -0.016752  S3_pocket
621  107.52  1  0.904603  9.968  6.024  -0.777975  0.724108  -0.000313  S3_pocket
622  127.78  1  0.916534  10.574  6.023  -0.656757  0.647164  -0.005568  S3_pocket
623  106.43  1  0.937303  10.091  6.269  -0.721600  0.669557  0.004101  S3_pocket
624  147.06  1  0.913182  9.942  6.561  -0.405158  0.742110  -0.017909  S3_pocket
625  130.46  1  0.908807  9.768  6.721  -0.615420  0.707413  0.002486  S3_pocket
626  110.35  1  0.917322  10.203  5.649  -0.669714  0.651525  -0.009629  S3_pocket
627  116.92  1  0.943088  10.172  5.629  -0.680154  0.662720  -0.010743  S3_pocket
628  115.39  1  0.909277  9.243  6.575  -0.529346  0.784724  -0.006789  S3_pocket
629  138.09  1  0.916528  9.504  6.875  -0.428479  0.727100  -0.005349  S3_pocket
630  133.25  1  0.901182  9.358  6.391  -0.659196  0.727584  -0.002755  S3_pocket
631  104.02  1  0.939432  10.075  5.678  -0.844846  0.658785  0.002366  S3_pocket
632  113.03  1  0.929412  10.381  6.196  -0.678867  0.683025  -0.008194  S3_pocket
633  120.89  1  0.931936  10.048  5.863  -0.819297  0.716017  0.009192  S3_pocket
634  132.30  1  0.932108  10.474  5.894  -0.739285  0.640151  -0.001694  S3_pocket
635  122.14  1  0.912777  10.483  6.165  -0.703497  0.674319  -0.002826  S3_pocket
636  105.41  1  0.927469  10.262  6.686  -0.590264  0.726788  -0.003738  S3_pocket
637  103.03  1  0.928569  9.934  6.151  -0.805542  0.720741  -0.003931  S3_pocket
638  104.40  1  0.920312  9.948  5.898  -0.805056  0.709551  0.004521  S3_pocket
639  97.99  1  0.936754  9.888  6.401  -0.798797  0.731490  0.001205  S3_pocket
640  97.23  1  0.917496  9.931  5.975  -0.810303  0.704975  0.007354  S3_pocket
641  115.76  1  0.952444  10.378  6.312  -0.501135  0.703052  -0.003319  S3_pocket
642  113.11  1  0.944049  9.570  6.357  -0.819617  0.727588  -0.001759  S3_pocket
643  127.85  1  0.950181  10.454  6.143  -0.379820  0.666507  -0.004049  S3_pocket
644  97.93  1  0.915025  9.780  6.188  -0.701883  0.703512  0.003320  S3_pocket
645  92.65  1  0.917370  9.979  6.547  -0.775155  0.692497  -0.004314  S3_pocket
646  110.51  1  0.932122  9.770  6.542  -0.631793  0.752508  -0.003836  S3_pocket
647  110.79  1  0.915810  9.579  6.380  -0.635906  0.767382  0.001931  S3_pocket
648  121.38  1  0.949201  9.824  5.769  -0.789061  0.651111  -0.002741  S3_pocket
649  120.08  1  0.933564  10.102  5.818  -0.638252  0.661678  -0.014605  S3_pocket
650  111.91  1  0.939538  9.897  5.771  -0.813759  0.705177  0.001407  S3_pocket
651  108.10  1  0.943214  9.585  5.988  -0.730433  0.674721  -0.006000  S3_pocket
652  101.24  1  0.925837  9.823  6.005  -0.718520  0.719745  -0.005529  S3_pocket
653  95.77  1  0.924347  9.973  6.522  -0.814524  0.784764  0.000782  S3_pocket
654  93.41  1  0.931615  9.810  6.453  -0.880222  0.745028  -0.000493  S3_pocket
655  126.64  1  0.930688  10.358  5.669  -0.741001  0.685458  -0.011418  S3_pocket
656  112.01  1  0.916698  9.843  6.217  -0.830097  0.763314  0.004686  S3_pocket
657  105.16  1  0.915159  9.080  6.560  -0.887350  0.795719  0.004344  S3_pocket
658  114.77  1  0.929312  9.638  6.057  -0.778431  0.722859  -0.003934  S3_pocket
659  89.94  1  0.938943  10.170  6.481  -0.819797  0.721758  0.005097  S3_pocket
660  120.27  1  0.912565  9.191  6.570  -0.802266  0.783628  -0.000466  S3_pocket
661  109.43  1  0.953618  10.507  5.924  -0.732790  0.678294  -0.010933  S3_pocket
662  119.56  1  0.942076  9.949  6.028  -0.698232  0.694893  -0.005402  S3_pocket
663  112.68  1  0.973265  10.395  5.725  -0.812085  0.616052  -0.006447  S3_pocket
664  132.62  1  0.958683  10.337  5.683  -0.695177  0.694038  -0.013200  S3_pocket
665  127.05  1  0.987581  10.650  5.501  -0.590991  0.624390  -0.009771  S3_pocket
666  119.10  1  0.982755  10.486  5.541  -0.589685  0.642622  -0.016794  S3_pocket
667  119.17  1  0.975103  10.456  6.081  -0.558696  0.643922  -0.002737  S3_pocket
668  115.52  1  0.954946  10.401  5.974  -0.701636  0.712757  0.004751  S3_pocket
669  116.92  1  0.940214  10.302  5.738  -0.767751  0.682078  -0.004016  S3_pocket
670  96.41  1  0.949281  9.376  6.283  -0.831613  0.728506  -0.008200  S3_pocket
671  126.97  1  0.956855  10.125  5.883  -0.646464  0.700626  -0.007662  S3_pocket
672  116.78  1  0.915809  10.286  6.646  -0.670336  0.750471  0.001903  S3_pocket
673  111.90  1  0.943237  10.052  6.195  -0.781530  0.676100  -0.003612  S3_pocket
674  129.60  1  0.940054  10.031  6.031  -0.642270  0.684030  -0.012136  S3_pocket
675  104.33  1  0.921398  10.584  5.676  -0.766954  0.723138  -0.011423  S3_pocket
676  116.08  1  0.907632  9.556  6.472  -0.891352  0.773386  0.008519  S3_pocket
677  120.23  1  0.939106  10.413  5.766  -0.692810  0.668671  -0.003524  S3_pocket
678  114.27  1  0.918106  10.080  6.503  -0.734970  0.737875  -0.002896  S3_pocket
679  118.35  1  0.956976  10.219  5.890  -0.725463  0.602407  0.000193  S3_pocket
680  105.79  1  0.978235  10.927  5.539  -0.708106  0.580218  -0.007395  S3_pocket
681  126.90  1  0.930167  10.311  5.949  -0.751581  0.681754  -0.005495  S3_pocket
682  109.49  1  0.924166  10.027  5.898  -0.771424  0.722909  -0.000237  S3_pocket
683  130.04  1  0.959244  10.015  5.779  -0.461077  0.607801  -0.018080  S3_pocket
684  127.76  1  0.926981  10.488  6.116  -0.676272  0.642914  -0.012414  S3_pocket
685  96.21  1  0.924724  10.148  6.373  -0.745007  0.719441  -0.005443  S3_pocket
686  116.58  1  0.943902  10.227  5.817  -0.710800  0.635586  -0.009217  S3_pocket
687  107.01  1  0.942412  10.267  5.938  -0.857927  0.685424  0.009510  S3_pocket
688  102.23  1  0.963638  11.034  5.837  -0.690784  0.626836  0.010880  S3_pocket
689  125.98  1  0.953765  10.516  5.679  -0.769620  0.615843  -0.002951  S3_pocket
690  139.20  1  0.993403  11.069  5.859  -0.357148  0.563031  -0.009142  S3_pocket
691  101.39  1  0.988603  11.036  5.014  -0.782981  0.552316  -0.004239  S3_pocket
692  121.16  1  0.987960  10.428  5.079  -0.688916  0.528988  -0.015390  S3_pocket
693  114.26  1  0.988998  10.836  5.558  -0.618050  0.586682  -0.007181  S3_pocket
694  114.51  1  0.961539  10.816  5.702  -0.746205  0.611592  -0.001891  S3_pocket
695  107.32  1  0.952085  10.843  5.519  -0.784627  0.618904  0.008370  S3_pocket
696  106.02  1  0.965647  10.408  5.303  -0.843198  0.621776  0.012083  S3_pocket
697  123.63  1  0.980533  10.497  6.064  -0.821439  0.716878  -0.000276  S3_pocket
698  110.38  1  0.977700  10.759  5.642  -0.600162  0.639336  -0.000980  S3_pocket
699  126.63  1  0.966232  10.702  5.985  -0.697334  0.648775  0.003567  S3_pocket
700  117.10  1  0.941373  10.831  5.920  -0.744243  0.717524  -0.011201  S3_pocket
701  130.98  1  0.968486  10.584  5.619  -0.533688  0.657608  -0.013420  S3_pocket
702  134.03  1  0.946290  11.764  5.354  -0.540293  0.608766  -0.015266  S3_pocket
703  121.71  1  0.930235  10.228  5.825  -0.720495  0.700350  -0.004483  S3_pocket
704  117.81  1  0.944752  10.346  5.953  -0.584855  0.635983  -0.012847  S3_pocket
705  134.25  1  0.937116  10.879  5.854  -0.479946  0.692959  -0.005909  S3_pocket
706  105.44  1  0.953502  11.608  5.542  -0.719459  0.691121  -0.024381  S3_pocket
707  110.96  1  0.944500  11.542  5.281  -0.720123  0.616437  -0.013697  S3_pocket
708  136.57  1  0.961049  11.032  5.778  -0.722620  0.645937  -0.006156  S3_pocket
709  109.02  1  0.985499  11.166  5.648  -0.623819  0.646140  -0.010425  S3_pocket
710  126.31  1  0.989244  11.217  5.136  -0.694563  0.546946  -0.010692  S3_pocket
711  97.09  1  0.959191  11.063  5.431  -0.590083  0.651357  -0.002983  S3_pocket
712  120.96  1  0.950292  10.832  6.230  -0.601296  0.686362  -0.004852  S3_pocket
713  117.61  1  0.960532  11.264  5.843  -0.620395  0.619864  -0.009584  S3_pocket
714  114.45  1  0.944805  11.032  5.577  -0.690871  0.639861  -0.019932  S3_pocket
715  112.78  1  0.956006  11.226  6.043  -0.740041  0.685070  -0.003094  S3_pocket
716  103.35  1  0.952454  11.351  5.568  -0.674542  0.676713  -0.011618  S3_pocket
717  102.57  1  0.925178  10.916  6.241  -0.677484  0.678530  0.004589  S3_pocket
718  124.05  1  0.955035  11.732  6.097  -0.459954  0.643308  -0.013876  S3_pocket
719  113.68  1  0.938446  10.295  5.879  -0.607054  0.713885  -0.020574  S3_pocket
720  160.15  0  0.910198  10.414  6.233  -0.632928  0.761556  -0.017101  S3_pocket
721  124.64  1  0.936127  10.786  6.463  -0.482965  0.646788  -0.006166  S3_pocket
722  138.85  1  0.954682  10.712  6.109  -0.361596  0.599713  -0.008830  S3_pocket
723  105.44  1  0.958706  10.291  5.430  -0.674939  0.629117  -0.014405  S3_pocket
724  88.79  1  0.943877  10.350  5.722  -0.813969  0.658107  0.001728  S3_pocket
725  134.92  1  0.967661  10.549  6.346  -0.427793  0.606032  -0.012670  S3_pocket
726  99.41  1  0.972562  10.541  5.606  -0.608272  0.664937  -0.016195  S3_pocket
727  86.52  1  0.970651  10.637  5.421  -0.660266  0.608554  -0.015847  S3_pocket
728  105.11  1  0.954511  10.253  6.124  -0.551683  0.637689  -0.008872  S3_pocket
729  131.74  1  0.948295  10.739  6.307  -0.511991  0.644821  -0.005718  S3_pocket
730  123.61  1  0.952230  10.321  6.207  -0.607873  0.648357  -0.022713  S3_pocket
731  137.34  1  0.981170  11.485  5.692  -0.513115  0.586363  -0.018872  S3_pocket
732  134.20  1  0.957752  10.774  6.067  -0.381146  0.645861  -0.008443  S3_pocket
733  107.69  1  0.947197  10.952  6.403  -0.644680  0.695069  -0.017225  S3_pocket
734  108.62  1  0.955038  10.587  5.888  -0.664792  0.657093  -0.003546  S3_pocket
735  120.69  1  0.953906  10.775  6.449  -0.477381  0.674502  -0.007817  S3_pocket
736  102.08  1  0.958997  10.578  5.890  -0.660885  0.677740  -0.017462  S3_pocket
737  103.03  1  0.950448  10.475  5.765  -0.720248  0.639959  -0.013410  S3_pocket
738  108.00  1  0.958697  10.905  6.019  -0.508154  0.654665  -0.022798  S3_pocket
739  100.28  1  0.980037  11.407  5.414  -0.677088  0.566032  -0.014515  S3_pocket
740  78.83  1  0.966176  11.018  5.726  -0.805868  0.636925  -0.004206  S3_pocket
741  78.20  1  0.974601  11.218  5.262  -0.682119  0.607366  -0.023548  S3_pocket
742  108.37  1  0.935430  11.059  5.802  -0.646584  0.667389  -0.014070  S3_pocket
743  110.65  1  0.939625  11.545  6.153  -0.560633  0.716093  -0.008741  S3_pocket
744  110.19  1  0.941049  10.518  5.963  -0.524039  0.655875  -0.000078  S3_pocket
745  137.63  1  0.950402  10.643  5.667  -0.559902  0.634391  -0.019881  S3_pocket
746  99.99  1  0.873169  9.168  6.589  -0.867737  0.795220  -0.017939  S3_pocket
747  144.97  1  0.953184  9.965  4.984  -0.723392  0.698897  -0.015578  S3_pocket
748  86.91  1  0.925693  10.168  6.039  -0.689760  0.736761  -0.004162  S3_pocket
749  110.04  1  0.955278  9.777  5.875  -0.710591  0.694161  -0.017061  S3_pocket
750  98.10  1  0.936450  9.523  6.199  -0.674912  0.723514  -0.015544  S3_pocket
751  118.69  1  0.938330  10.384  6.061  -0.662459  0.637340  -0.008812  S3_pocket
752  129.62  1  0.941397  10.000  5.687  -0.622452  0.672311  -0.020488  S3_pocket
753  116.41  1  0.899390  9.846  5.992  -0.815559  0.748194  -0.024643  S3_pocket
754  109.45  1  0.962549  10.499  5.987  -0.559171  0.655563  -0.014934  S3_pocket
755  105.87  1  0.942511  10.263  5.888  -0.434600  0.676711  -0.003498  S3_pocket
756  148.33  1  0.947433  10.713  5.199  -0.320366  0.611084  -0.019024  S3_pocket
757  110.33  1  0.915779  10.152  6.099  -0.706920  0.764296  -0.009572  S3_pocket
758  111.62  1  0.943876  10.291  5.649  -0.549958  0.662564  -0.008600  S3_pocket
759  127.70  1  0.912953  10.328  6.523  -0.660394  0.756630  -0.009627  S3_pocket
760  163.80  0  0.918892  9.855  6.440  -0.586223  0.685162  -0.027243  S3_pocket
761  148.20  1  0.935518  10.565  5.356  -0.701019  0.650704  -0.020137  S3_pocket
762  118.32  1  0.955618  10.111  5.429  -0.632445  0.651084  0.001160  S3_pocket
763  150.48  0  0.899514  10.205  5.655  -0.841435  0.762619  -0.019957  S3_pocket
764  152.28  0  0.941624  10.112  5.858  -0.628415  0.663933  -0.018387  S3_pocket
765  128.89  1  0.966887  10.830  5.582  -0.504628  0.614144  -0.012480  S3_pocket
766  139.12  1  0.944471  10.785  5.174  -0.639978  0.578697  -0.002238  S3_pocket
767  148.20  1  0.955888  10.049  5.589  -0.559942  0.599633  0.001967  S3_pocket
768  164.50  0  0.938902  9.721  5.443  -0.632108  0.619310  -0.037350  S3_pocket
769  145.59  1  0.933573  9.964  5.652  -0.653384  0.660424  -0.010772  S3_pocket
770  141.14  1  0.936244  11.130  5.915  -0.632483  0.615929  -0.004316  S3_pocket
771  174.49  0  0.957283  10.601  5.840  -0.623720  0.619567  -0.020696  S3_pocket
772  146.41  1  0.969441  10.929  5.583  -0.487954  0.640309  -0.000898  S3_pocket
773  125.03  1  0.932522  11.013  5.584  -0.698546  0.681752  -0.016345  S3_pocket
774  124.47  1  0.943046  10.505  5.526  -0.545418  0.614386  -0.006919  S3_pocket
775  141.09  1  0.924431  9.895  5.389  -0.766029  0.659718  -0.016471  S3_pocket
776  164.38  0  0.904261  10.607  5.934  -0.692244  0.644215  -0.011636  S3_pocket
777  115.16  1  0.958679  10.016  5.165  -0.702084  0.651092  -0.012552  S3_pocket
778  125.95  1  0.934379  10.505  5.565  -0.691305  0.640487  0.003982  S3_pocket
779  157.88  0  0.985282  9.802  5.484  -0.521456  0.589019  -0.010202  S3_pocket
780  131.39  1  0.948528  10.440  5.745  -0.721635  0.613287  -0.018704  S3_pocket
781  134.29  1  0.976241  10.250  5.782  -0.663030  0.642005  -0.011971  S3_pocket
782  107.40  1  0.928576  10.340  5.526  -0.746259  0.656987  -0.007345  S3_pocket
783  99.01  1  0.944992  10.680  5.625  -0.679576  0.701129  -0.007639  S3_pocket
784  111.15  1  0.967968  10.822  5.468  -0.725451  0.637880  -0.006585  S3_pocket
785  127.98  1  0.837365  10.150  6.230  -0.950795  0.869997  -0.007254  S3_pocket
786  115.03  1  0.804496  9.630  7.379  -0.992457  0.924876  0.002547  S3_pocket
787  124.97  1  0.826865  9.518  6.818  -0.920380  0.874130  -0.001446  S3_pocket
788  114.37  1  0.826442  8.675  7.356  -0.987792  0.930068  -0.004881  S3_pocket
789  116.58  1  0.819438  9.066  7.499  -0.975100  0.958161  0.004859  S3_pocket
790  107.78  1  0.758009  8.512  8.318  -0.988469  1.038654  -0.004709  S3_pocket
791  122.15  1  0.831261  10.191  6.441  -0.731994  0.915672  -0.000696  S3_pocket
792  137.52  1  0.855401  9.774  5.402  -0.865540  0.863912  -0.004621  S3_pocket
793  128.29  1  0.821709  9.219  6.037  -0.952249  0.916452  0.003797  S3_pocket
794  120.61  1  0.861551  9.148  5.522  -0.899868  0.900744  0.004134  S3_pocket
795  102.27  1  0.817902  8.651  6.427  -0.989119  0.971908  0.005392  S3_pocket
796  129.73  1  0.831653  8.840  5.324  -0.913135  0.925486  -0.008513  S3_pocket
797  154.70  0  0.838022  9.694  5.640  -0.926394  0.848534  -0.009710  S3_pocket
798  123.75  1  0.809577  9.741  5.719  -0.869062  0.987923  -0.003010  S3_pocket
799  106.61  1  0.832199  9.987  5.512  -0.668358  0.889624  0.005794  S3_pocket
800  120.48  1  0.856090  10.713  5.155  -0.682370  0.847742  0.001402  S3_pocket
801  114.45  1  0.818257  8.885  6.939  -0.990942  0.946299  -0.010032  S3_pocket
802  121.09  1  0.865196  10.100  5.768  -0.759906  0.833334  0.003291  S3_pocket
803  147.78  1  0.810164  8.753  6.036  -0.916693  0.944116  -0.004658  S3_pocket
804  -174.20  0  0.827000  10.426  5.952  -0.900313  0.917068  0.004386  S3_pocket
805  131.14  1  0.817082  9.342  6.693  -0.901583  0.960778  0.002204  S3_pocket
806  147.23  1  0.843748  9.563  6.406  -0.734324  0.907855  0.013775  S3_pocket
807  129.24  1  0.876851  9.663  5.683  -0.918714  0.828417  0.001307  S3_pocket
808  119.13  1  0.886516  10.121  5.505  -0.654067  0.787480  0.004153  S3_pocket
809  136.47  1  0.872330  10.162  5.400  -0.851827  0.837728  0.006044  S3_pocket
810  124.00  1  0.863836  10.550  6.218  -0.771200  0.853727  -0.001409  S3_pocket
811  111.62  1  0.886246  10.096  5.440  -0.738575  0.836974  -0.005550  S3_pocket
812  98.14  1  0.886196  10.284  5.772  -0.763111  0.813605  -0.004611  S3_pocket
813  132.44  1  0.829380  9.656  6.289  -0.910770  0.951545  -0.002418  S3_pocket
814  109.30  1  0.866576  9.897  6.139  -0.866177  0.905309  -0.005430  S3_pocket
815  117.09  1  0.838146  9.111  6.349  -0.962639  0.948936  -0.010850  S3_pocket
816  145.41  1  0.834629  9.869  6.495  -0.673784  0.937964  0.009606  S3_pocket
817  138.58  1  0.820798  9.579  6.882  -0.674512  0.969665  0.003247  S3_pocket
818  122.19  1  0.873515  9.374  5.485  -0.877282  0.835327  -0.018150  S3_pocket
819  115.18  1  0.823376  9.216  6.052  -0.872281  0.932082  -0.011722  S3_pocket
820  124.23  1  0.798091  9.052  6.311  -0.954077  0.971505  -0.010386  S3_pocket
821  106.78  1  0.814576  10.068  6.471  -0.822533  0.965697  -0.000227  S3_pocket
822  114.61  1  0.850086  10.799  6.098  -0.774826  0.933732  -0.002332  S3_pocket
823  142.43  1  0.812668  10.446  6.152  -0.925106  0.964736  -0.010654  S3_pocket
824  115.58  1  0.813180  9.193  6.574  -0.967580  0.998915  -0.002964  S3_pocket
825  141.75  1  0.798622  9.228  7.165  -0.952768  1.062778  -0.010904  S3_pocket
826  130.09  1  0.827691  9.714  6.173  -0.909837  0.965547  -0.003984  S3_pocket
827  126.36  1  0.803429  9.427  6.819  -0.877961  1.081527  0.008486  S3_pocket
828  151.60  0  0.768861  10.155  7.652  -0.972766  1.062959  -0.011817  S3_pocket
829  107.83  1  0.780969  9.745  6.275  -0.938775  1.050650  -0.001068  S3_pocket
830  144.95  1  0.829925  9.874  6.378  -0.906000  0.947915  -0.002757  S3_pocket
831  160.17  0  0.777459  9.126  6.922  -0.917410  1.045083  -0.000117  S3_pocket
832  141.53  1  0.772589  9.375  7.069  -0.983556  1.066391  0.001935  S3_pocket
833  90.35  1  0.806921  9.862  6.946  -0.942841  0.978159  -0.004091  S3_pocket
834  159.63  0  0.809758  9.929  6.190  -0.914860  1.023335  0.002775  S3_pocket
835  100.50  1  0.852051  9.812  6.627  -0.847012  0.947954  -0.012409  S3_pocket
836  145.21  1  0.753250  9.334  7.509  -0.948080  1.090517  -0.007591  S3_pocket
837  84.36  1  0.762283  8.283  7.294  -0.953711  1.054724  -0.009812  S3_pocket
838  117.06  1  0.789871  8.027  7.090  -0.998225  0.990385  -0.000316  S3_pocket
839  113.00  1  0.798918  10.715  6.558  -0.858931  0.981723  0.000164  S3_pocket
840  124.78  1  0.812672  9.514  6.756  -0.972241  0.934828  -0.011728  S3_pocket
841  159.12  0  0.812476  8.930  6.112  -0.889468  0.971943  -0.011128  S3_pocket
842  132.38  1  0.785120  8.891  6.670  -0.879022  1.007927  -0.004602  S3_pocket
843  144.87  1  0.771830  9.788  6.985  -0.915629  1.073692  0.008094  S3_pocket
844  113.08  1  0.797586  10.134  6.079  -0.842011  0.973260  0.000492  S3_pocket
845  78.44  1  0.780601  10.408  5.944  -0.746338  0.968996  0.000503  S3_pocket
846  100.91  1  0.765583  9.272  7.590  -0.999353  1.048274  -0.004277  S3_pocket
847  121.99  1  0.806218  8.927  6.924  -0.931716  1.034040  -0.001852  S3_pocket
848  112.54  1  0.821506  10.662  6.166  -0.875146  0.971940  -0.012171  S3_pocket
849  112.05  1  0.754220  10.014  7.677  -0.795254  1.126962  -0.002777  S3_pocket
850  160.68  0  0.871227  10.077  5.824  -0.809622  0.916119  0.021945  S3_pocket
851  132.49  1  0.848708  9.117  6.591  -0.958582  1.006195  0.006941  S3_pocket
852  135.47  1  0.808065  9.073  6.944  -0.934183  0.979769  -0.006049  S3_pocket
853  157.66  0  0.775558  9.424  7.274  -0.974711  1.056469  0.002577  S3_pocket
854  148.42  1  0.799036  9.314  6.386  -0.915985  1.053895  0.002906  S3_pocket
855  114.32  1  0.797340  9.469  6.583  -0.937096  1.010352  -0.009335  S3_pocket
856  96.85  1  0.793288  10.152  6.473  -0.658454  0.997907  -0.003132  S3_pocket
857  100.14  1  0.836891  10.924  5.840  -0.803072  0.950350  0.000625  S3_pocket
858  105.76  1  0.822392  9.541  6.664  -0.951558  1.021603  -0.006309  S3_pocket
859  107.72  1  0.839801  10.937  6.299  -0.780732  0.936283  0.003999  S3_pocket
860  113.06  1  0.842375  10.143  5.825  -0.891116  0.862098  0.002131  S3_pocket
861  134.20  1  0.808827  9.500  6.363  -0.920587  0.954769  -0.001373  S3_pocket
862  139.71  1  0.764665  9.047  7.038  -0.961220  1.074927  -0.006892  S3_pocket
863  119.52  1  0.743332  8.758  7.506  -0.986552  1.129104  -0.011115  S3_pocket
864  116.79  1  0.815774  9.742  6.338  -0.955001  0.934899  -0.004370  S3_pocket
865  -88.25  2  0.821981  9.956  5.534  -0.657643  0.903030  -0.029917  S3_pocket
866  164.43  0  0.846889  9.353  6.431  -0.863922  0.978690  0.007224  S3_pocket
867  98.15  1  0.829479  9.764  5.847  -0.990149  0.912855  -0.001318  S3_pocket
868  97.20  1  0.821047  9.793  6.685  -0.882108  0.990446  -0.008310  S3_pocket
869  129.10  1  0.869163  9.308  5.856  -0.925537  0.869913  -0.012622  S3_pocket
870  124.59  1  0.758046  6.747  9.392  -0.810243  1.126618  0.003998  S1_pocket
871  126.09  1  0.785703  6.967  9.536  -0.826860  1.102602  -0.010702  S1_pocket
872  95.61  1  0.815844  7.671  9.331  -0.980814  1.100564  -0.005824  S1_pocket
873  119.93  1  0.790614  7.751  9.589  -0.736069  1.080645  0.006194  S1_pocket
874  111.03  1  0.853361  9.301  6.321  -0.919666  0.900070  -0.000075  S3_pocket
875  150.75  0  0.867734  9.811  6.095  -0.914642  0.905997  0.000632  S3_pocket
876  132.86  1  0.881666  8.880  6.173  -0.813924  0.896747  0.000472  S3_pocket
877  167.72  0  0.954990  11.024  5.677  -0.838330  0.818489  -0.004917  S3_pocket
878  144.95  1  0.871850  10.087  6.123  -0.897619  0.865599  -0.005815  S3_pocket
879  155.81  0  0.866553  9.998  6.203  -0.924365  0.889991  -0.002922  S3_pocket
880  160.10  0  0.872300  9.823  6.240  -0.883722  0.913025  0.007951  S3_pocket
881  -174.82  0  0.938273  10.776  4.929  -0.807139  0.842121  -0.019012  S3_pocket
882  136.91  1  0.869574  8.959  6.290  -0.931483  0.953777  0.003174  S3_pocket
883  146.77  1  0.899779  9.944  6.583  -0.669882  0.871459  0.001607  S3_pocket
884  118.85  1  0.877484  10.345  5.998  -0.922863  0.855913  -0.004030  S3_pocket
885  151.74  0  0.838982  9.514  6.624  -0.878260  0.927895  -0.006974  S3_pocket
886  175.93  0  0.913572  10.073  5.808  -0.695806  0.792348  -0.010393  S3_pocket
887  140.67  1  0.873165  9.234  6.255  -0.890978  0.904259  0.002308  S3_pocket
888  145.96  1  0.879722  9.613  5.884  -0.843869  0.868730  0.001322  S3_pocket
889  152.68  0  0.923345  9.916  6.104  -0.892518  0.855334  -0.000075  S3_pocket
890  145.27  1  0.854186  9.611  6.040  -0.906493  0.902380  -0.005336  S3_pocket
891  165.88  0  0.868167  9.156  6.190  -0.840916  0.943657  -0.000833  S3_pocket
892  155.29  0  0.882207  9.237  6.233  -0.869799  0.874967  -0.005275  S3_pocket
893  117.38  1  0.854428  9.617  6.333  -0.951930  0.910544  -0.006592  S3_pocket
894  154.25  0  0.928430  10.192  5.569  -0.887443  0.749277  -0.007173  S3_pocket
895  131.77  1  0.918687  10.766  5.799  -0.894156  0.817578  0.008580  S3_pocket
896  154.45  0  0.920766  10.743  5.380  -0.867822  0.823504  -0.011039  S3_pocket
897  134.26  1  0.931807  10.504  5.292  -0.936465  0.795034  0.002936  S3_pocket
898  128.51  1  0.929446  11.433  5.641  -0.922506  0.783082  0.007781  S3_pocket
899  98.47  1  0.892287  10.603  6.277  -0.882372  0.854453  0.012263  S3_pocket
900  138.33  1  0.889932  11.303  6.938  -0.927212  0.849871  0.000352  S3_pocket
901  130.22  1  0.885666  10.064  6.693  -0.955305  0.862786  0.001052  S3_pocket
902  115.85  1  0.890810  10.128  6.452  -0.938988  0.862213  -0.000117  S3_pocket
903  122.75  1  0.953349  10.906  5.925  -0.923348  0.731155  0.008037  S3_pocket
904  167.71  0  0.919143  10.325  5.451  -0.868028  0.815393  -0.015693  S3_pocket
905  166.82  0  0.933000  9.661  5.235  -0.848651  0.819482  -0.006226  S3_pocket
906  122.01  1  0.888119  9.260  6.205  -0.911556  0.850275  -0.002461  S3_pocket
907  128.57  1  0.858397  10.221  6.952  -0.962862  0.893846  -0.001042  S3_pocket
908  108.46  1  0.907001  10.519  6.292  -0.933457  0.814833  0.006453  S3_pocket
909  143.93  1  0.888990  8.637  6.820  -0.881376  0.842356  -0.006127  S3_pocket
910  137.14  1  0.891467  9.359  5.976  -0.943788  0.846033  0.002285  S3_pocket
911  153.39  0  0.896713  9.800  6.294  -0.896248  0.838588  -0.002455  S3_pocket
912  133.53  1  0.909242  10.942  5.956  -0.959411  0.794422  -0.000389  S3_pocket
913  116.81  1  0.907859  10.898  6.201  -0.940395  0.806985  0.001170  S3_pocket
914  139.55  1  0.937616  10.274  5.594  -0.916012  0.793622  0.002198  S3_pocket
915  125.44  1  0.906643  10.783  6.155  -0.957078  0.821110  0.012216  S3_pocket
916  117.81  1  0.877529  10.165  6.869  -0.977890  0.860600  0.006968  S3_pocket
917  146.12  1  0.901430  10.658  6.146  -0.954196  0.799143  -0.000519  S3_pocket
918  126.04  1  0.902440  10.165  6.179  -0.922880  0.775474  -0.004593  S3_pocket
919  96.26  1  0.899450  10.265  6.305  -0.918537  0.815345  0.002936  S3_pocket
920  119.56  1  0.913503  10.077  5.806  -0.869901  0.794294  0.007461  S3_pocket
921  126.87  1  0.927196  10.658  5.926  -0.804643  0.740203  -0.005636  S3_pocket
922  132.31  1  0.918014  10.740  6.371  -0.918983  0.789970  0.020671  S3_pocket
923  118.79  1  0.898215  10.593  6.343  -0.942637  0.831908  0.005444  S3_pocket
924  137.03  1  0.937429  10.509  5.802  -0.747828  0.716380  0.003070  S3_pocket
925  134.60  1  0.924404  9.913  5.648  -0.875862  0.765318  0.000690  S3_pocket
926  126.20  1  0.915088  9.512  5.432  -0.892519  0.768735  -0.010547  S3_pocket
927  120.58  1  0.864330  10.540  6.601  -0.922618  0.852227  0.011044  S3_pocket
928  134.43  1  0.881836  10.138  6.356  -0.868572  0.863222  0.001139  S3_pocket
929  142.36  1  0.907452  9.802  6.128  -0.881818  0.801519  0.004623  S3_pocket
930  128.83  1  0.921992  10.512  5.744  -0.856535  0.772203  -0.000956  S3_pocket
931  119.89  1  0.912880  10.009  5.724  -0.861854  0.785691  0.003676  S3_pocket
932  133.38  1  0.907439  10.102  6.025  -0.878779  0.787746  0.012173  S3_pocket
933  -178.42  0  0.896868  10.111  6.055  -0.887215  0.858113  -0.013167  S3_pocket
934  110.04  1  0.895050  10.138  6.690  -0.885718  0.812928  0.000691  S3_pocket
935  135.72  1  0.869677  8.861  6.713  -0.906650  0.898588  0.002515  S3_pocket
936  117.75  1  0.885688  10.892  6.759  -0.858838  0.862233  0.010010  S3_pocket
937  92.23  1  0.898175  10.657  6.669  -0.973717  0.833345  0.010041  S3_pocket
938  113.06  1  0.869362  10.771  7.090  -0.948027  0.954576  -0.010568  S3_pocket
939  103.38  1  0.849932  10.611  7.509  -0.967559  0.975825  0.014030  S3_pocket
940  116.40  1  0.836268  10.040  7.572  -0.986652  0.950414  0.005794  S3_pocket
941  124.16  1  0.875149  10.957  7.030  -0.952701  0.936485  0.007121  S3_pocket
942  117.66  1  0.895374  10.548  5.776  -0.871416  0.807860  0.003275  S3_pocket
943  118.75  1  0.896762  11.190  5.865  -0.922549  0.781152  -0.008545  S3_pocket
944  95.46  1  0.893875  10.781  6.197  -0.848513  0.784612  0.012324  S3_pocket
945  129.78  1  0.912363  10.237  6.125  -0.886487  0.792179  0.000279  S3_pocket
946  122.50  1  0.906536  10.122  5.645  -0.943085  0.776897  -0.003741  S3_pocket
947  131.32  1  0.889992  11.574  6.399  -0.867442  0.782619  0.004328  S3_pocket
948  116.29  1  0.884685  9.985  6.284  -0.927525  0.851723  0.011493  S3_pocket
949  118.89  1  0.905527  10.432  6.157  -0.946285  0.821720  0.006609  S3_pocket
950  122.52  1  0.877823  10.776  6.634  -0.884643  0.824412  -0.001235  S3_pocket
951  101.50  1  0.864513  11.358  6.165  -0.942380  0.850414  0.011274  S3_pocket
952  137.69  1  0.907314  11.050  5.782  -0.833694  0.771369  -0.004382  S3_pocket
953  133.37  1  0.863284  9.101  5.942  -0.946440  0.888982  0.003471  S3_pocket
954  133.09  1  0.900073  9.663  5.616  -0.870388  0.771406  0.004920  S3_pocket
955  146.03  1  0.904634  9.296  6.191  -0.951167  0.861064  0.000356  S3_pocket
956  161.93  0  0.892702  9.574  5.944  -0.927668  0.889857  -0.009478  S3_pocket
957  158.20  0  0.871777  8.915  6.384  -0.942189  0.919450  -0.009747  S3_pocket
958  171.84  0  0.937234  9.506  5.189  -0.843607  0.815049  -0.017049  S3_pocket
959  122.33  1  0.902092  9.827  6.155  -0.924148  0.863148  -0.008866  S3_pocket
960  133.86  1  0.868235  9.782  6.328  -0.952677  0.882788  0.005890  S3_pocket
961  125.89  1  0.907895  10.199  6.357  -0.922223  0.824714  0.009899  S3_pocket
962  118.64  1  0.895626  9.959  5.801  -0.933271  0.792768  0.002039  S3_pocket
963  128.29  1  0.898356  10.126  6.026  -0.934713  0.767873  -0.003503  S3_pocket
964  125.59  1  0.887624  9.426  6.309  -0.940813  0.819338  0.001582  S3_pocket
965  102.57  1  0.857569  8.923  6.554  -0.992511  0.880982  -0.002847  S3_pocket
966  154.66  0  0.841174  9.054  6.675  -0.954378  0.944405  -0.002502  S3_pocket
967  130.83  1  0.883236  9.287  5.931  -0.934790  0.808474  0.003110  S3_pocket
968  121.47  1  0.860356  10.146  6.485  -0.923106  0.892692  -0.012416  S3_pocket
969  136.45  1  0.887739  9.515  6.312  -0.944675  0.840981  -0.000091  S3_pocket
970  104.46  1  0.838487  9.179  7.246  -0.977730  0.977485  0.011659  S3_pocket
971  134.28  1  0.876744  9.277  6.363  -0.958469  0.885498  0.016550  S3_pocket
972  111.19  1  0.919239  9.863  6.224  -0.766192  0.768778  -0.006239  S3_pocket
973  98.97  1  0.888457  10.984  6.197  -0.914155  0.811261  0.002868  S3_pocket
974  106.60  1  0.891232  9.431  6.495  -0.961884  0.915732  0.003688  S3_pocket
975  92.95  1  0.905015  10.851  5.635  -0.895927  0.765504  0.001889  S3_pocket
976  95.84  1  0.900436  9.997  6.700  -0.918914  0.811023  0.002431  S3_pocket
977  136.86  1  0.870061  10.512  6.158  -0.924089  0.906469  0.009911  S3_pocket
978  149.09  1  0.848879  10.102  6.750  -0.957418  0.967221  0.005982  S3_pocket
979  106.77  1  0.865259  9.521  6.505  -0.952440  0.875029  0.013338  S3_pocket
980  124.02  1  0.876626  10.326  6.573  -0.931778  0.896316  0.005460  S3_pocket
981  113.15  1  0.902031  9.821  6.448  -0.839731  0.827145  -0.001292  S3_pocket
982  104.83  1  0.900995  10.376  6.741  -0.849386  0.808911  -0.001460  S3_pocket
983  106.68  1  0.895060  10.341  5.879  -0.836649  0.765567  0.004217  S3_pocket
984  113.11  1  0.900288  10.552  6.197  -0.749812  0.755386  0.004633  S3_pocket
985  116.71  1  0.940191  10.549  5.469  -0.793782  0.648929  -0.000640  S3_pocket
986  119.07  1  0.878398  10.945  6.264  -0.928313  0.803653  -0.010639  S3_pocket
987  132.26  1  0.913977  10.328  5.826  -0.861089  0.762552  -0.004456  S3_pocket
988  96.46  1  0.897739  10.666  6.003  -0.928049  0.775739  0.001978  S3_pocket
989  110.56  1  0.887758  10.005  6.119  -0.841818  0.810892  0.013048  S3_pocket
990  109.77  1  0.910966  10.374  6.460  -0.751022  0.721240  -0.003429  S3_pocket
991  103.51  1  0.884040  10.265  6.516  -0.904254  0.831781  0.013990  S3_pocket
992  114.84  1  0.901848  10.479  6.050  -0.766938  0.758197  0.003202  S3_pocket
993  97.37  1  0.878773  9.530  6.537  -0.942866  0.848657  0.002233  S3_pocket
994  112.37  1  0.875820  9.757  6.663  -0.858188  0.827964  0.000887  S3_pocket
995  120.48  1  0.912586  9.801  5.866  -0.870740  0.802690  0.015337  S3_pocket
996  107.96  1  0.895441  9.900  6.584  -0.953875  0.843621  -0.003312  S3_pocket
997  126.74  1  0.878671  9.949  6.790  -0.943615  0.882406  0.004211  S3_pocket
998  101.71  1  0.884177  10.209  6.424  -0.946523  0.815023  0.006184  S3_pocket
999  124.12  1  0.923915  10.539  5.978  -0.882999  0.746381  0.003142  S3_pocket
1000  122.95  1  0.896835  9.783  6.280  -0.826112  0.777687  0.013057  S3_pocket
