# GMM n=4 pocket classification, T=30C
# Classes: S1_pocket, S3_pocket, surface, extended
# frame  chi2  chi2_state  wcn  d_S1  d_S3  M  dist_nm  Q_p  class
0  83.41  1  0.889543  11.455  7.937  -0.096846  0.583036  -0.015439  surface
1  81.23  1  0.846291  12.046  9.371  -0.382568  0.861442  0.001559  S3_pocket
2  67.10  1  0.833233  11.309  10.393  -0.547086  1.006454  0.000125  S3_pocket
3  78.17  1  0.850029  11.902  9.669  -0.571653  0.995898  0.000778  S3_pocket
4  76.86  1  0.849469  11.770  9.925  -0.860542  1.006815  0.006393  S3_pocket
5  95.62  1  0.830021  10.627  10.889  -0.506468  0.996021  0.008099  S3_pocket
6  63.42  1  0.874911  11.535  9.752  -0.626798  0.898098  0.005349  S3_pocket
7  84.86  1  0.869785  12.536  10.088  -0.743824  0.877111  0.005242  S3_pocket
8  71.36  1  0.852348  12.785  9.594  -0.667562  0.964028  0.004283  S3_pocket
9  70.44  1  0.924325  13.123  8.773  -0.797894  0.873669  0.009485  S3_pocket
10  85.02  1  0.909255  13.133  10.431  -0.772127  0.988852  -0.007704  extended
11  97.89  1  0.900943  12.436  9.211  -0.650196  0.922364  0.010468  S3_pocket
12  67.85  1  0.905084  13.406  10.313  -0.900743  1.021223  -0.007508  extended
13  76.75  1  0.899735  13.217  9.930  -0.848608  0.970958  -0.008019  extended
14  58.42  1  0.886527  13.019  9.242  -0.757876  0.893241  -0.010895  S3_pocket
15  63.03  1  0.907875  13.785  9.964  -0.870809  0.952765  -0.020226  extended
16  70.96  1  0.913274  13.675  10.013  -0.887423  0.960859  -0.024710  extended
17  80.40  1  0.896896  13.604  9.515  -0.609314  0.896574  -0.008257  S3_pocket
18  60.32  1  0.922701  13.669  9.114  -0.797031  0.935678  -0.003899  extended
19  57.28  1  0.920456  13.833  10.562  -0.899508  1.029512  -0.009183  extended
20  65.18  1  0.934910  13.726  9.408  -0.815031  0.944855  -0.014342  extended
21  78.04  1  0.906559  13.294  9.221  -0.783068  0.967019  0.002038  S3_pocket
22  79.16  1  0.911830  12.854  9.478  -0.635758  0.971314  0.004195  S3_pocket
23  70.54  1  0.906301  13.406  10.252  -0.771190  1.021446  0.009262  extended
24  77.79  1  0.888396  12.843  10.401  -0.495108  0.953599  -0.006392  S3_pocket
25  76.46  1  0.929959  12.736  8.478  -0.407417  0.877942  0.005586  S3_pocket
26  67.08  1  0.927226  13.490  9.897  -0.891594  1.028001  -0.007508  extended
27  56.22  1  0.908812  13.334  10.035  -0.829090  1.007093  -0.002573  extended
28  74.36  1  0.916142  13.183  10.078  -0.763293  0.973124  0.004533  extended
29  82.95  1  0.919451  12.452  11.628  -0.878588  1.095645  -0.020570  extended
30  82.85  1  0.886427  12.505  11.313  -0.860286  1.129346  -0.009893  extended
31  100.91  1  0.896054  12.917  12.024  -0.827577  1.122123  -0.008451  extended
32  77.68  1  0.918429  13.202  11.567  -0.888050  1.129996  -0.006805  extended
33  83.50  1  0.954842  13.189  10.610  -0.851460  1.101465  -0.003506  extended
34  88.34  1  0.916606  13.121  11.665  -0.882402  1.110335  -0.006543  extended
35  84.02  1  0.911756  12.381  10.787  -0.890315  1.101851  -0.009180  extended
36  77.76  1  0.886857  12.648  11.146  -0.880900  1.146227  -0.014181  extended
37  82.59  1  0.934366  12.851  11.067  -0.850133  1.119842  -0.012010  extended
38  89.17  1  0.901873  12.545  11.213  -0.844759  1.163221  -0.005599  extended
39  77.17  1  0.911390  12.715  11.383  -0.714438  1.075976  -0.004179  extended
40  82.70  1  0.890700  12.611  12.234  -0.806495  1.212860  -0.018392  extended
41  73.20  1  0.917961  12.568  11.625  -0.855946  1.190934  -0.015958  extended
42  98.05  1  0.903637  12.724  11.335  -0.796456  1.123448  -0.016143  extended
43  87.39  1  0.919730  12.674  11.040  -0.786330  1.105417  -0.005828  extended
44  75.49  1  0.935923  12.696  10.758  -0.812688  1.097148  -0.012794  extended
45  90.06  1  0.898603  12.576  11.512  -0.779085  1.167553  -0.014837  extended
46  71.49  1  0.896540  12.539  10.923  -0.782880  1.105942  -0.005269  extended
47  76.71  1  0.901121  12.734  10.941  -0.800500  1.116090  -0.010221  extended
48  78.53  1  0.909032  12.620  10.842  -0.738912  1.081709  -0.004111  extended
49  77.17  1  0.909879  12.900  10.841  -0.810384  1.092726  -0.002761  extended
50  93.36  1  0.905818  12.679  10.868  -0.843734  1.117362  0.001631  extended
51  100.34  1  0.913516  12.989  10.829  -0.741068  1.094666  -0.003573  extended
52  74.39  1  0.920475  12.719  10.873  -0.778954  1.044696  -0.005649  extended
53  82.48  1  0.894691  12.920  11.177  -0.858617  1.195126  -0.015081  extended
54  73.99  1  0.896134  12.431  10.410  -0.848398  1.136901  -0.009905  extended
55  86.28  1  0.924808  12.758  11.372  -0.865306  1.157661  -0.021200  extended
56  98.31  1  0.912616  13.084  11.909  -0.902757  1.198818  -0.004313  extended
57  95.10  1  0.891493  12.762  11.422  -0.856671  1.168552  -0.014674  extended
58  90.15  1  0.928020  12.791  11.796  -0.847020  1.179881  -0.012380  extended
59  96.08  1  0.901543  12.810  11.511  -0.780343  1.126076  -0.018905  extended
60  101.14  1  0.902836  12.846  12.455  -0.921809  1.209245  -0.023739  extended
61  96.40  1  0.883134  13.319  12.728  -0.759923  1.194695  -0.018278  extended
62  63.45  1  0.899226  12.797  11.975  -0.960719  1.175335  -0.014304  extended
63  101.80  1  0.871715  13.035  13.054  -0.910834  1.222578  -0.007111  extended
64  81.97  1  0.902843  13.011  11.912  -0.850846  1.124498  -0.003682  extended
65  103.51  1  0.853355  12.518  13.139  -0.870034  1.266143  -0.011178  extended
66  95.60  1  0.900687  13.121  12.850  -0.877665  1.179360  -0.005643  extended
67  92.24  1  0.894808  12.714  11.599  -0.870242  1.144738  -0.018004  extended
68  100.54  1  0.889151  13.189  12.501  -0.910127  1.195478  -0.019262  extended
69  84.02  1  0.885719  13.158  12.138  -0.917179  1.181477  -0.011964  extended
70  66.54  1  0.921889  13.239  11.751  -0.791922  1.094638  -0.024755  extended
71  98.68  1  0.890569  12.756  12.020  -0.896076  1.198028  -0.011451  extended
72  76.78  1  0.902052  13.049  12.103  -0.852969  1.157505  -0.016758  extended
73  87.29  1  0.905391  12.900  11.385  -0.902246  1.149110  -0.017097  extended
74  86.77  1  0.913585  12.976  11.379  -0.859528  1.110336  -0.010465  extended
75  102.70  1  0.887413  12.755  13.428  -0.909285  1.285400  -0.012582  extended
76  74.57  1  0.913467  12.912  12.048  -0.894491  1.210980  -0.026862  extended
77  93.29  1  0.904188  13.041  11.889  -0.839605  1.178280  -0.010054  extended
78  82.14  1  0.920642  12.609  11.298  -0.843741  1.113247  -0.017543  extended
79  81.57  1  0.910686  13.223  11.755  -0.893566  1.120248  -0.001978  extended
80  72.46  1  0.914172  12.600  11.818  -0.853486  1.159108  -0.008252  extended
81  72.32  1  0.922890  13.111  12.141  -0.875419  1.120214  -0.014137  extended
82  79.25  1  0.923699  12.963  10.648  -0.862056  1.049978  -0.019746  extended
83  88.23  1  0.922194  13.043  11.364  -0.785318  1.123049  -0.004196  extended
84  87.23  1  0.894243  12.711  11.748  -0.916903  1.155203  -0.012377  extended
85  69.51  1  0.897752  12.470  12.213  -0.927165  1.159034  0.000598  extended
86  70.35  1  0.911263  12.974  11.987  -0.899760  1.113195  -0.006358  extended
87  68.32  1  0.939167  13.145  11.003  -0.872070  1.068059  -0.003313  extended
88  94.18  1  0.929800  12.586  11.816  -0.816360  1.102213  -0.008282  extended
89  87.25  1  0.940837  12.877  11.142  -0.819310  1.093543  0.006002  extended
90  70.45  1  0.932184  12.737  11.392  -0.880923  1.104002  0.004193  extended
91  91.83  1  0.900031  13.354  11.539  -0.893848  1.142532  0.003281  extended
92  88.15  1  0.893793  13.239  12.284  -0.925949  1.156996  -0.002982  extended
93  94.69  1  0.922442  13.405  11.901  -0.853576  1.140607  -0.011752  extended
94  61.65  1  0.900884  13.140  11.565  -0.925872  1.133104  -0.008006  extended
95  86.73  1  0.913553  13.309  12.027  -0.738229  1.100965  -0.007450  extended
96  69.44  1  0.905166  12.300  11.592  -0.899497  1.085985  -0.016582  extended
97  79.50  1  0.922262  12.341  11.418  -0.677206  1.039205  -0.018845  extended
98  79.47  1  0.922089  12.798  10.919  -0.887615  1.072195  -0.002515  extended
99  85.40  1  0.931909  13.288  11.536  -0.891414  1.124105  -0.010819  extended
100  90.27  1  0.961689  13.291  11.226  -0.806500  1.085769  -0.013510  extended
101  87.00  1  0.928596  13.171  12.346  -0.898605  1.127938  -0.009359  extended
102  91.29  1  0.961765  13.059  10.596  -0.913238  1.048838  -0.006712  extended
103  64.74  1  0.914399  12.353  11.015  -0.882735  1.116671  -0.004327  extended
104  97.25  1  0.932453  12.811  12.115  -0.830288  1.130771  -0.021055  extended
105  86.30  1  0.929106  13.213  11.564  -0.849277  1.120337  -0.006178  extended
106  74.73  1  0.915145  12.451  11.706  -0.740312  1.068073  -0.020780  extended
107  86.62  1  0.915714  12.990  11.191  -0.762736  1.070861  -0.005431  extended
108  105.46  1  0.909699  12.456  12.483  -0.872029  1.189990  -0.016123  extended
109  97.99  1  0.928996  12.934  11.168  -0.879159  1.098709  -0.006344  extended
110  77.31  1  0.909448  12.836  10.718  -0.788365  1.105550  -0.010080  extended
111  75.77  1  0.889863  13.202  12.061  -0.872339  1.114591  0.000837  extended
112  75.87  1  0.928341  12.309  11.451  -0.886123  1.116989  -0.019783  extended
113  88.68  1  0.895947  12.619  12.738  -0.901044  1.185232  -0.002784  extended
114  104.10  1  0.897621  12.515  11.588  -0.845997  1.166469  -0.011626  extended
115  82.46  1  0.926216  13.284  12.144  -0.859955  1.113945  -0.010049  extended
116  85.79  1  0.889471  13.186  11.570  -0.818394  1.150732  -0.001140  extended
117  83.29  1  0.849404  12.922  13.138  -0.899280  1.241754  -0.012244  extended
118  86.94  1  0.908816  13.213  12.662  -0.881512  1.148799  -0.013954  extended
119  76.18  1  0.915297  13.231  12.284  -0.885614  1.107367  -0.008286  extended
120  84.07  1  0.881142  13.794  12.723  -0.836125  1.136815  -0.013397  extended
121  82.26  1  0.889348  13.528  13.496  -0.953158  1.216339  -0.013186  extended
122  88.06  1  0.912370  13.314  12.383  -0.906966  1.149638  -0.014058  extended
123  87.75  1  0.946649  13.519  12.092  -0.880506  1.111397  -0.011800  extended
124  69.84  1  0.932567  13.448  12.024  -0.854600  1.071773  -0.020442  extended
125  84.12  1  0.931120  13.751  11.710  -0.806519  1.045954  -0.007916  extended
126  82.78  1  0.921102  13.369  11.127  -0.860016  1.054810  -0.003627  extended
127  69.04  1  0.930853  13.121  11.088  -0.848610  1.058318  -0.000550  extended
128  70.01  1  0.929997  13.448  11.437  -0.876820  1.052908  0.000595  extended
129  64.10  1  0.905290  13.152  12.263  -0.914501  1.143814  0.001628  extended
130  64.73  1  0.919020  13.523  11.976  -0.958679  1.087859  -0.011819  extended
131  66.83  1  0.924088  13.109  11.536  -0.920479  1.070380  -0.014289  extended
132  86.62  1  0.901972  13.315  11.918  -0.895393  1.141191  -0.015073  extended
133  76.73  1  0.921415  13.092  11.816  -0.882092  1.116683  -0.004884  extended
134  72.79  1  0.936716  12.767  11.821  -0.804655  1.063906  -0.012250  extended
135  94.99  1  0.924401  13.436  11.109  -0.854998  1.061821  0.000908  extended
136  78.43  1  0.897897  13.426  12.222  -0.923974  1.133684  -0.006300  extended
137  83.59  1  0.922197  13.091  11.199  -0.879626  1.072013  -0.006209  extended
138  60.62  1  0.936761  13.667  11.416  -0.964662  1.093307  -0.003276  extended
139  91.95  1  0.920947  13.436  11.935  -0.862832  1.081777  -0.011027  extended
140  74.54  1  0.931685  12.864  12.013  -0.838539  1.084147  -0.002905  extended
141  81.36  1  0.888991  13.181  12.298  -0.868122  1.106838  -0.003156  extended
142  64.00  1  0.903479  13.973  12.125  -0.960579  1.107108  -0.012833  extended
143  70.48  1  0.938146  13.726  11.713  -0.900836  1.028579  -0.011000  extended
144  81.99  1  0.900218  13.137  12.211  -0.920178  1.100809  0.000282  extended
145  70.91  1  0.936810  13.057  10.760  -0.924098  1.008584  0.009371  extended
146  75.98  1  0.906285  13.690  12.442  -0.949528  1.101714  -0.010427  extended
147  74.77  1  0.900121  13.309  11.406  -0.915941  1.069941  -0.002996  extended
148  82.11  1  0.905328  13.452  10.704  -0.900298  1.022573  -0.005381  extended
149  72.55  1  0.930827  13.441  11.263  -0.944137  1.028891  -0.013499  extended
150  84.63  1  0.906180  13.488  11.292  -0.687288  1.064926  -0.000424  extended
151  82.25  1  0.947788  13.311  11.416  -0.867148  1.011261  -0.004198  extended
152  40.40  0  0.924506  13.754  10.955  -0.973575  1.050901  -0.001968  extended
153  87.14  1  0.889384  13.331  11.754  -0.873505  1.106277  -0.006228  extended
154  76.18  1  0.884570  13.360  12.412  -0.889092  1.164518  -0.005791  extended
155  93.75  1  0.916251  13.244  12.392  -0.880806  1.111345  -0.014042  extended
156  87.55  1  0.883980  13.069  12.616  -0.750020  1.124349  -0.012655  extended
157  95.35  1  0.894501  13.208  12.394  -0.864030  1.200900  -0.009171  extended
158  78.51  1  0.912591  13.049  11.840  -0.837014  1.123764  -0.008542  extended
159  84.25  1  0.919936  13.137  11.759  -0.833266  1.105452  -0.012947  extended
160  80.59  1  0.919440  12.535  12.182  -0.842489  1.127245  -0.018243  extended
161  79.69  1  0.896728  12.884  12.933  -0.895994  1.228918  -0.007906  extended
162  89.04  1  0.920397  13.416  11.957  -0.861289  1.126353  -0.010019  extended
163  95.81  1  0.890839  13.440  12.382  -0.807249  1.173322  -0.013446  extended
164  93.39  1  0.927391  13.157  12.639  -0.924781  1.172961  -0.019753  extended
165  91.75  1  0.895662  13.480  12.535  -0.916936  1.184892  -0.008543  extended
166  78.03  1  0.924396  13.296  12.015  -0.889645  1.161337  -0.002538  extended
167  112.21  1  0.915318  13.210  12.193  -0.903795  1.136909  -0.006510  extended
168  84.18  1  0.894322  13.327  12.045  -0.928044  1.191009  -0.007972  extended
169  83.37  1  0.908183  13.244  12.195  -0.864521  1.117983  -0.007689  extended
170  85.21  1  0.894765  13.209  12.837  -0.890254  1.189543  -0.008762  extended
171  88.64  1  0.921890  13.339  13.045  -0.879797  1.159494  -0.018360  extended
172  83.67  1  0.909894  12.801  11.513  -0.771673  1.087294  -0.012694  extended
173  81.67  1  0.904603  13.413  12.322  -0.875444  1.116153  -0.017094  extended
174  79.95  1  0.912192  12.694  12.774  -0.825336  1.153013  -0.013747  extended
175  99.21  1  0.917503  12.984  12.098  -0.860450  1.119500  -0.010123  extended
176  94.75  1  0.901261  12.530  12.837  -0.815991  1.180849  -0.017175  extended
177  71.64  1  0.913429  13.106  12.030  -0.924308  1.131253  -0.005017  extended
178  95.16  1  0.872913  13.267  12.379  -0.842852  1.200171  -0.014482  extended
179  67.96  1  0.901802  13.117  12.684  -0.899003  1.195050  0.000584  extended
180  88.02  1  0.921795  13.054  11.697  -0.928315  1.198185  -0.010453  extended
181  75.44  1  0.890752  13.147  11.873  -0.922796  1.139769  -0.003603  extended
182  85.70  1  0.910351  12.862  11.732  -0.868851  1.130223  -0.002035  extended
183  85.80  1  0.926375  13.534  12.109  -0.788567  1.093076  -0.001826  extended
184  78.70  1  0.921901  13.376  11.747  -0.855098  1.120363  -0.008064  extended
185  68.61  1  0.893999  13.088  12.700  -0.874799  1.173602  -0.021992  extended
186  84.25  1  0.935568  13.531  11.842  -0.848916  1.100471  -0.006070  extended
187  68.65  1  0.922909  13.574  11.623  -0.866657  1.091874  -0.001577  extended
188  80.63  1  0.922942  13.314  11.781  -0.864028  1.145660  -0.007843  extended
189  70.59  1  0.943757  13.735  10.618  -0.819661  0.993841  0.001663  extended
190  76.61  1  0.927418  13.544  12.374  -0.893265  1.131651  -0.004361  extended
191  84.18  1  0.919527  13.042  11.590  -0.781999  1.082385  -0.003785  extended
192  107.56  1  0.898251  13.550  13.080  -0.893696  1.227334  -0.004276  extended
193  91.57  1  0.919254  13.349  12.160  -0.855946  1.152875  -0.001477  extended
194  91.89  1  0.913802  13.384  13.430  -0.929560  1.210819  -0.003661  extended
195  90.35  1  0.917950  13.602  11.478  -0.838410  1.111256  -0.007170  extended
196  84.38  1  0.933329  13.427  12.427  -0.863613  1.181604  -0.008818  extended
197  98.49  1  0.930351  13.795  12.023  -0.899747  1.151447  -0.012234  extended
198  80.95  1  0.909936  12.609  12.657  -0.911401  1.213474  -0.018366  extended
199  83.59  1  0.933044  13.519  12.560  -0.885830  1.144648  -0.018446  extended
200  89.35  1  0.903633  13.076  11.682  -0.802786  1.105145  -0.005029  extended
201  101.99  1  0.916443  13.563  11.947  -0.845720  1.111633  -0.004658  extended
202  76.93  1  0.917204  13.322  11.462  -0.893190  1.068026  -0.009892  extended
203  90.68  1  0.876249  13.627  12.058  -0.841099  1.150342  -0.021677  extended
204  104.79  1  0.893862  13.034  14.072  -0.890251  1.270099  -0.021088  extended
205  102.41  1  0.925763  13.251  12.731  -0.848021  1.198026  -0.019089  extended
206  86.83  1  0.906721  13.140  12.267  -0.814312  1.154327  -0.013220  extended
207  90.90  1  0.931224  13.540  11.588  -0.843002  1.066057  -0.012047  extended
208  68.32  1  0.913830  13.734  11.710  -0.899854  1.110602  -0.013454  extended
209  100.85  1  0.914544  13.109  12.611  -0.872241  1.189158  -0.012773  extended
210  94.09  1  0.911306  13.156  12.520  -0.926221  1.152776  -0.022281  extended
211  96.96  1  0.927060  13.242  12.183  -0.870453  1.143723  -0.020001  extended
212  70.96  1  0.902753  13.435  12.657  -0.920518  1.155236  -0.016403  extended
213  74.47  1  0.945805  13.225  11.698  -0.817831  1.088192  -0.005330  extended
214  73.69  1  0.941488  13.071  11.939  -0.890055  1.128457  -0.010334  extended
215  88.43  1  0.904601  12.678  11.607  -0.809042  1.123682  -0.002368  extended
216  71.13  1  0.934006  13.252  11.845  -0.799749  1.108925  -0.001200  extended
217  69.40  1  0.905001  13.287  13.223  -0.848368  1.185285  -0.001703  extended
218  48.99  0  0.925339  13.609  11.588  -0.923159  1.123280  -0.002961  extended
219  89.40  1  0.953982  13.552  11.888  -0.874540  1.100576  -0.021531  extended
220  81.25  1  0.919560  13.041  12.145  -0.930349  1.097375  -0.008915  extended
221  99.31  1  0.922620  12.986  12.173  -0.883091  1.150967  -0.010444  extended
222  77.72  1  0.896420  13.583  11.654  -0.919014  1.130402  -0.007793  extended
223  98.17  1  0.900002  12.994  12.153  -0.906114  1.147796  0.000891  extended
224  82.37  1  0.899511  12.835  11.087  -0.741531  1.075227  -0.011293  extended
225  82.97  1  0.928823  13.110  11.655  -0.846939  1.100430  -0.015657  extended
226  85.64  1  0.916755  13.317  11.199  -0.903051  1.129137  -0.000073  extended
227  75.94  1  0.927409  13.487  11.153  -0.751570  1.083149  -0.001470  extended
228  75.04  1  0.915917  13.147  11.434  -0.843735  1.097020  -0.014587  extended
229  72.19  1  0.906364  13.578  11.402  -0.844663  1.122435  0.000131  extended
230  88.33  1  0.931610  13.362  11.198  -0.803451  1.074227  0.000091  extended
231  78.14  1  0.918623  13.382  12.004  -0.908350  1.182411  -0.005582  extended
232  75.30  1  0.907613  13.345  12.049  -0.837344  1.125693  -0.008366  extended
233  77.72  1  0.901713  13.401  11.023  -0.762526  1.068731  -0.009045  extended
234  89.37  1  0.889874  13.141  11.766  -0.827018  1.137817  0.001460  extended
235  80.05  1  0.881151  12.417  12.079  -0.731938  1.120688  -0.014049  extended
236  83.03  1  0.895319  13.191  11.499  -0.831205  1.115942  -0.005359  extended
237  91.59  1  0.944112  13.753  11.561  -0.796861  1.078158  -0.010076  extended
238  76.97  1  0.891960  13.431  11.462  -0.745587  1.106677  -0.009744  extended
239  76.80  1  0.906355  13.144  11.530  -0.837596  1.144416  0.007749  extended
240  86.46  1  0.900710  13.358  11.621  -0.789693  1.093522  -0.003185  extended
241  84.48  1  0.924686  13.430  11.249  -0.803670  1.078341  -0.004857  extended
242  59.37  1  0.917356  13.284  10.667  -0.815362  1.080295  -0.007664  extended
243  93.85  1  0.895364  13.300  12.321  -0.877148  1.219539  -0.011288  extended
244  85.05  1  0.906884  12.989  11.762  -0.835332  1.119039  -0.003969  extended
245  75.13  1  0.911352  12.783  11.782  -0.865315  1.119577  -0.002746  extended
246  87.40  1  0.937528  13.174  11.603  -0.782839  1.066943  -0.001513  extended
247  82.83  1  0.894139  13.497  12.198  -0.832064  1.141636  -0.000590  extended
248  86.67  1  0.927637  12.663  11.828  -0.814421  1.100020  -0.002531  extended
249  74.24  1  0.916257  13.058  12.658  -0.833662  1.180333  -0.006033  extended
250  68.75  1  0.915354  13.139  11.511  -0.905469  1.169971  -0.007968  extended
251  79.58  1  0.931195  13.807  11.882  -0.859580  1.112082  -0.015058  extended
252  85.60  1  0.924458  13.400  11.773  -0.814207  1.082854  -0.002334  extended
253  94.47  1  0.906436  13.306  12.012  -0.813776  1.126523  -0.005802  extended
254  71.72  1  0.942579  13.469  11.718  -0.805107  1.129529  -0.003387  extended
255  73.88  1  0.915677  13.281  12.942  -0.901870  1.201316  -0.005184  extended
256  91.47  1  0.910329  12.581  12.729  -0.833060  1.190968  -0.013881  extended
257  83.37  1  0.923186  13.497  11.424  -0.830383  1.092262  -0.007398  extended
258  81.50  1  0.897894  13.060  12.286  -0.813452  1.188056  -0.007275  extended
259  81.63  1  0.937060  13.623  12.075  -0.824061  1.111942  -0.016223  extended
260  87.02  1  0.906674  13.451  12.451  -0.878774  1.157456  -0.015054  extended
261  88.44  1  0.936547  13.615  11.734  -0.852327  1.116928  0.000349  extended
262  79.60  1  0.918971  12.874  12.507  -0.899600  1.208223  -0.013158  extended
263  73.07  1  0.925507  13.411  12.383  -0.934370  1.145355  -0.003760  extended
264  90.21  1  0.935953  13.340  12.196  -0.898342  1.168308  -0.005133  extended
265  97.44  1  0.919963  13.031  11.665  -0.782689  1.143187  -0.015828  extended
266  91.65  1  0.906615  13.709  11.953  -0.793782  1.089337  -0.008574  extended
267  59.94  1  0.921535  13.353  11.664  -0.904571  1.103823  -0.013637  extended
268  90.84  1  0.916364  13.677  12.390  -0.886892  1.141802  -0.005399  extended
269  71.32  1  0.923129  13.383  12.484  -0.957277  1.144119  -0.009498  extended
270  76.01  1  0.921884  13.617  12.218  -0.937685  1.146006  -0.021925  extended
271  93.50  1  0.928701  13.660  12.345  -0.862128  1.170291  -0.017149  extended
272  86.45  1  0.909516  13.411  12.333  -0.835995  1.136762  -0.003523  extended
273  84.26  1  0.925889  13.571  11.343  -0.860594  1.069039  -0.010405  extended
274  86.08  1  0.927902  13.356  11.110  -0.744306  1.062646  -0.005569  extended
275  90.72  1  0.930576  13.268  11.362  -0.794023  1.104737  -0.009981  extended
276  92.47  1  0.921622  13.508  12.009  -0.871472  1.119451  -0.012042  extended
277  79.54  1  0.937743  12.849  11.312  -0.823444  1.085173  -0.010797  extended
278  90.91  1  0.937707  13.191  12.123  -0.827521  1.150578  -0.007530  extended
279  75.87  1  0.926295  13.347  11.935  -0.819994  1.103776  -0.016255  extended
280  90.53  1  0.926459  13.425  11.612  -0.741443  1.093492  -0.012415  extended
281  85.46  1  0.943169  13.708  12.849  -0.862831  1.156810  -0.011206  extended
282  78.84  1  0.918763  13.322  11.543  -0.852993  1.120694  -0.008981  extended
283  75.35  1  0.933793  13.073  11.761  -0.884054  1.122110  -0.010392  extended
284  82.49  1  0.941048  13.685  11.621  -0.834346  1.078372  -0.014996  extended
285  91.02  1  0.934016  13.212  11.003  -0.845849  1.089679  -0.007486  extended
286  84.83  1  0.921420  13.482  11.419  -0.762727  1.099046  -0.010199  extended
287  90.58  1  0.921579  14.209  11.417  -0.915509  1.143167  -0.025237  extended
288  83.57  1  0.923344  13.406  11.492  -0.824851  1.103511  -0.017844  extended
289  91.98  1  0.921046  13.415  12.057  -0.869059  1.168167  -0.014129  extended
290  91.37  1  0.932042  13.793  11.605  -0.816115  1.152619  -0.008489  extended
291  86.54  1  0.921900  13.205  10.559  -0.852255  1.126936  0.004881  extended
292  100.75  1  0.915249  12.932  11.133  -0.756306  1.122421  -0.004803  extended
293  91.46  1  0.938491  13.315  11.898  -0.860462  1.102904  -0.017047  extended
294  76.68  1  0.929623  13.160  11.993  -0.763562  1.140806  -0.012418  extended
295  85.75  1  0.918890  13.173  11.750  -0.874316  1.155507  -0.016646  extended
296  87.96  1  0.917737  13.299  12.042  -0.862705  1.150899  -0.012195  extended
297  84.04  1  0.917109  13.074  11.405  -0.881652  1.135810  -0.011098  extended
298  74.26  1  0.878633  12.799  12.462  -0.926471  1.224239  -0.010429  extended
299  86.97  1  0.918770  13.133  12.046  -0.853236  1.165734  -0.010463  extended
300  79.16  1  0.911783  12.783  11.174  -0.819341  1.123486  -0.011837  extended
301  84.63  1  0.932276  13.549  11.879  -0.882667  1.134608  -0.010229  extended
302  91.47  1  0.915295  13.585  11.822  -0.884521  1.118473  -0.019739  extended
303  90.55  1  0.936340  13.539  11.768  -0.911329  1.143100  -0.008000  extended
304  99.75  1  0.907781  13.146  12.491  -0.840553  1.205621  -0.007960  extended
305  82.44  1  0.913005  13.698  13.193  -0.902247  1.243272  -0.007209  extended
306  93.25  1  0.924935  13.523  12.445  -0.905714  1.210617  -0.016247  extended
307  90.24  1  0.931245  13.303  11.613  -0.931506  1.176645  -0.003310  extended
308  92.56  1  0.883660  12.769  12.575  -0.883087  1.204237  -0.015932  extended
309  102.04  1  0.911737  13.234  11.878  -0.883222  1.169597  -0.022949  extended
310  97.15  1  0.922162  13.220  11.879  -0.829363  1.158165  -0.018697  extended
311  84.25  1  0.946714  12.851  11.328  -0.895109  1.140070  -0.008960  extended
312  90.15  1  0.912404  13.177  12.013  -0.823216  1.157689  -0.014214  extended
313  84.21  1  0.904645  12.719  12.708  -0.905486  1.208538  -0.015453  extended
314  85.10  1  0.944838  13.082  11.378  -0.946589  1.145578  0.006322  extended
315  83.05  1  0.939469  12.669  11.310  -0.917719  1.153092  0.000431  extended
316  103.40  1  0.920731  12.798  12.320  -0.850116  1.180353  -0.018946  extended
317  91.82  1  0.935103  13.229  11.525  -0.799223  1.136362  -0.015728  extended
318  100.90  1  0.939220  13.776  11.431  -0.803090  1.126044  -0.018394  extended
319  104.23  1  0.936039  13.599  11.317  -0.908373  1.180853  -0.005563  extended
320  90.72  1  0.913550  13.111  11.604  -0.784319  1.116934  -0.010363  extended
321  88.63  1  0.932794  13.122  11.523  -0.858510  1.155312  -0.010239  extended
322  84.86  1  0.912617  13.721  11.935  -0.856036  1.188167  -0.014228  extended
323  100.16  1  0.944653  12.944  10.745  -0.778805  1.072539  -0.012662  extended
324  104.18  1  0.945645  13.299  11.736  -0.854683  1.163589  -0.011036  extended
325  100.47  1  0.929055  12.758  11.336  -0.797539  1.149566  -0.001872  extended
326  94.83  1  0.954293  13.622  11.089  -0.833305  1.102693  -0.011365  extended
327  85.35  1  0.935711  13.501  11.385  -0.858449  1.125215  -0.007276  extended
328  90.63  1  0.903086  12.865  11.824  -0.850202  1.178562  -0.009053  extended
329  82.26  1  0.885180  12.690  11.118  -0.861242  1.132104  0.006898  extended
330  110.09  1  0.909831  13.210  11.823  -0.812738  1.184786  -0.015374  extended
331  76.19  1  0.914804  12.564  12.299  -0.899766  1.208135  -0.007746  extended
332  86.14  1  0.916606  13.397  12.198  -0.888303  1.189933  -0.001679  extended
333  77.59  1  0.919100  13.086  11.494  -0.911595  1.152683  -0.007136  extended
334  100.99  1  0.939024  13.165  10.940  -0.800774  1.079384  -0.014884  extended
335  108.50  1  0.937938  13.063  11.931  -0.878554  1.183458  -0.019898  extended
336  85.02  1  0.933421  13.088  11.227  -0.851853  1.109480  0.000873  extended
337  82.57  1  0.928440  13.629  11.567  -0.889694  1.111485  -0.010028  extended
338  76.00  1  0.925509  13.504  10.697  -0.907936  1.102620  -0.002397  extended
339  82.72  1  0.905800  13.103  10.670  -0.903406  1.132531  -0.009961  extended
340  76.50  1  0.939286  13.073  10.734  -0.841929  1.084136  -0.000214  extended
341  92.50  1  0.949672  13.409  9.891  -0.785222  0.992546  0.003867  extended
342  66.05  1  0.937389  13.398  11.026  -0.841754  1.061626  -0.001794  extended
343  84.49  1  0.951490  13.194  10.920  -0.846099  1.072480  -0.014905  extended
344  72.33  1  0.933282  13.166  10.678  -0.834774  1.059711  -0.006095  extended
345  68.44  1  0.948413  13.459  11.233  -0.878561  1.093793  0.000628  extended
346  64.41  1  0.925165  13.481  10.758  -0.904789  1.062190  0.003154  extended
347  76.42  1  0.956220  13.824  10.777  -0.842789  1.000879  -0.008433  extended
348  85.81  1  0.956866  13.589  10.747  -0.820039  1.034762  -0.005162  extended
349  53.07  1  0.964384  13.546  11.174  -0.855208  1.037335  -0.007904  extended
350  73.68  1  0.934504  13.450  10.268  -0.839477  1.000249  -0.007099  extended
351  81.76  1  0.929001  13.161  11.388  -0.804664  1.079644  -0.005203  extended
352  77.44  1  0.958428  13.262  11.043  -0.800988  1.053679  0.008489  extended
353  82.61  1  0.925091  12.840  10.816  -0.698206  1.015619  0.003387  extended
354  72.35  1  0.908869  13.042  11.080  -0.714802  1.073525  -0.007564  extended
355  82.14  1  0.923197  12.800  10.783  -0.796268  1.082780  -0.001496  extended
356  100.93  1  0.939764  13.240  10.812  -0.767472  1.060471  -0.002813  extended
357  82.51  1  0.901326  13.186  11.692  -0.832136  1.133783  -0.005125  extended
358  75.11  1  0.912347  12.888  10.303  -0.815035  1.041859  -0.001814  extended
359  65.01  1  0.920147  12.394  10.362  -0.782580  1.046225  -0.004810  extended
360  77.22  1  0.916381  13.348  11.660  -0.816767  1.137865  -0.007693  extended
361  85.18  1  0.918081  12.739  11.981  -0.828156  1.153701  -0.000517  extended
362  68.28  1  0.936367  13.630  11.097  -0.882110  1.063887  -0.009524  extended
363  52.60  1  0.917165  13.781  11.465  -0.924582  1.072297  -0.004260  extended
364  80.01  1  0.917318  12.721  11.228  -0.766835  1.084445  -0.001926  extended
365  78.70  1  0.906519  13.272  11.020  -0.898732  1.075633  0.001497  extended
366  74.27  1  0.901103  13.764  11.545  -0.853522  1.102752  0.001205  extended
367  71.18  1  0.931215  13.598  11.408  -0.876906  1.061404  -0.001704  extended
368  76.66  1  0.938634  13.157  10.837  -0.872418  1.086582  0.007386  extended
369  87.38  1  0.920668  12.495  11.871  -0.793588  1.152248  0.001653  extended
370  80.96  1  0.899860  13.128  10.467  -0.693084  1.050378  0.003817  extended
371  81.41  1  0.895306  12.882  11.593  -0.707763  1.069026  -0.017082  extended
372  85.95  1  0.917726  13.418  12.148  -0.834041  1.138440  -0.012702  extended
373  83.88  1  0.911099  12.787  12.165  -0.831493  1.127652  -0.011352  extended
374  81.57  1  0.925776  12.994  11.636  -0.854303  1.117234  -0.007489  extended
375  70.65  1  0.924629  13.562  11.331  -0.798978  1.074161  -0.011197  extended
376  73.70  1  0.907540  13.286  10.896  -0.717233  1.038601  0.008665  extended
377  71.91  1  0.906685  13.243  12.897  -0.936267  1.227926  0.001345  extended
378  65.26  1  0.914224  13.420  11.005  -0.836594  1.069418  -0.008459  extended
379  81.14  1  0.930508  13.199  11.448  -0.801257  1.071792  -0.006982  extended
380  79.12  1  0.913765  13.055  11.231  -0.831360  1.056719  -0.011545  extended
381  58.49  1  0.884023  13.100  11.735  -0.885323  1.095037  -0.003254  extended
382  67.93  1  0.915483  13.157  10.851  -0.844575  1.042089  0.001520  extended
383  88.92  1  0.908250  13.618  12.265  -0.846866  1.131169  -0.019807  extended
384  98.34  1  0.913052  13.145  11.147  -0.676660  1.036928  -0.007390  extended
385  58.78  1  0.908808  13.054  11.684  -0.890442  1.085606  0.003402  extended
386  65.60  1  0.930197  12.979  10.473  -0.727099  0.965605  0.004070  extended
387  73.32  1  0.922458  12.992  11.877  -0.880268  1.138087  -0.011221  extended
388  83.54  1  0.905791  13.531  12.519  -0.885987  1.139941  -0.010173  extended
389  80.78  1  0.891851  13.423  11.480  -0.825030  1.079795  -0.015980  extended
390  76.82  1  0.886381  13.184  12.233  -0.924631  1.161447  -0.003465  extended
391  80.08  1  0.912806  13.510  12.059  -0.769539  1.128180  -0.002742  extended
392  84.71  1  0.941355  13.584  10.468  -0.714685  0.995550  -0.006172  extended
393  80.66  1  0.902639  13.345  12.376  -0.926447  1.192648  -0.005246  extended
394  78.78  1  0.912138  13.249  11.518  -0.776866  1.080926  -0.003979  extended
395  78.33  1  0.901494  13.120  11.059  -0.797561  1.043381  0.004939  extended
396  79.46  1  0.905570  13.358  10.558  -0.793462  1.045216  0.009322  extended
397  92.88  1  0.926384  13.385  11.278  -0.821053  1.090286  -0.004474  extended
398  92.90  1  0.900955  12.271  11.763  -0.771131  1.137787  -0.001235  extended
399  85.64  1  0.915840  13.008  10.814  -0.707072  1.032024  0.001524  extended
400  71.05  1  0.899977  12.601  11.787  -0.822085  1.121976  0.001921  extended
401  62.62  1  0.946122  13.604  10.792  -0.924115  1.031840  -0.001372  extended
402  56.87  1  0.906522  13.466  10.083  -0.879817  1.019990  0.001817  extended
403  78.40  1  0.912141  12.987  11.826  -0.778690  1.124737  -0.014415  extended
404  91.66  1  0.883191  12.980  11.946  -0.764881  1.088829  -0.005500  extended
405  76.55  1  0.904503  13.537  12.422  -0.865844  1.125144  -0.007769  extended
406  66.40  1  0.917619  13.353  11.604  -0.841402  1.094056  -0.011916  extended
407  90.11  1  0.910460  13.441  12.000  -0.872130  1.100052  -0.016613  extended
408  71.66  1  0.905577  13.380  11.271  -0.866072  1.084168  -0.009462  extended
409  72.01  1  0.879927  12.682  12.099  -0.843236  1.140255  -0.008281  extended
410  82.93  1  0.895424  12.867  11.524  -0.899346  1.108599  -0.016288  extended
411  75.94  1  0.901706  13.380  12.365  -0.846356  1.137743  -0.007378  extended
412  82.85  1  0.863439  13.267  13.001  -0.874051  1.203734  -0.009184  extended
413  83.87  1  0.888482  13.125  12.704  -0.873691  1.142387  -0.010469  extended
414  79.15  1  0.881557  13.201  12.229  -0.788706  1.099186  -0.006819  extended
415  80.19  1  0.881639  13.722  12.286  -0.841120  1.125136  -0.009017  extended
416  89.55  1  0.883555  13.250  12.028  -0.780706  1.100568  -0.011708  extended
417  99.18  1  0.873474  13.121  12.075  -0.823740  1.131073  -0.014922  extended
418  89.22  1  0.888850  13.253  13.053  -0.870034  1.181328  -0.008608  extended
419  70.81  1  0.891701  12.640  11.775  -0.877698  1.136246  -0.014175  extended
420  95.61  1  0.918172  13.404  10.561  -0.738692  0.993359  -0.003326  extended
421  97.99  1  0.873391  13.135  12.597  -0.892982  1.155392  -0.000731  extended
422  86.62  1  0.874726  13.349  11.915  -0.715715  1.069706  0.000968  extended
423  90.88  1  0.937548  13.484  11.583  -0.806566  1.054896  -0.009503  extended
424  96.31  1  0.909356  13.342  11.709  -0.890021  1.081332  -0.011375  extended
425  74.06  1  0.898475  13.318  11.396  -0.732053  1.051146  -0.002639  extended
426  74.03  1  0.921163  13.523  11.665  -0.813913  1.066430  -0.014183  extended
427  82.90  1  0.913782  13.686  11.764  -0.853945  1.086594  -0.020032  extended
428  89.56  1  0.888977  13.717  12.137  -0.701401  1.107097  -0.017849  extended
429  71.47  1  0.905755  13.347  11.395  -0.838642  1.082601  -0.006759  extended
430  87.99  1  0.910102  13.206  11.881  -0.847367  1.156418  -0.012206  extended
431  82.76  1  0.910934  13.124  12.119  -0.893906  1.144471  -0.011620  extended
432  100.15  1  0.922711  13.080  12.365  -0.905565  1.139589  -0.012998  extended
433  86.52  1  0.934473  13.427  11.966  -0.883928  1.100703  -0.017304  extended
434  73.76  1  0.914953  12.987  11.969  -0.945258  1.124911  -0.013817  extended
435  84.99  1  0.929408  12.877  11.443  -0.839006  1.073656  -0.012400  extended
436  91.15  1  0.916306  12.879  11.433  -0.925193  1.136058  -0.015807  extended
437  92.45  1  0.896600  13.371  10.996  -0.807029  1.071616  0.001983  extended
438  88.85  1  0.896367  13.094  11.585  -0.917946  1.095543  -0.013852  extended
439  89.34  1  0.912465  12.669  11.138  -0.890026  1.091838  -0.015950  extended
440  84.26  1  0.883881  12.675  11.236  -0.759770  1.103699  -0.005942  extended
441  97.19  1  0.921127  13.163  11.624  -0.913823  1.101102  -0.009569  extended
442  67.24  1  0.893222  12.524  11.678  -0.875999  1.091120  -0.009573  extended
443  77.74  1  0.921836  13.189  10.881  -0.851676  1.071015  0.003164  extended
444  96.12  1  0.922990  13.053  11.386  -0.803888  1.067592  -0.001049  extended
445  83.08  1  0.948217  13.442  10.434  -0.694364  1.046405  -0.006289  extended
446  91.06  1  0.917815  12.840  11.720  -0.733222  1.062124  -0.000638  extended
447  92.41  1  0.919433  13.119  11.552  -0.841151  1.059920  -0.001681  extended
448  72.15  1  0.943581  13.059  11.110  -0.791221  1.057358  -0.018179  extended
449  87.38  1  0.917249  12.234  10.753  -0.705497  1.029228  -0.005478  extended
450  79.22  1  0.918029  13.230  11.378  -0.846759  1.096033  0.003258  extended
451  77.12  1  0.928882  13.087  10.958  -0.838024  1.047645  -0.017522  extended
452  83.01  1  0.940936  13.482  10.691  -0.816914  1.019603  -0.018804  extended
453  94.52  1  0.935903  13.388  10.610  -0.695949  1.034137  -0.003038  extended
454  96.41  1  0.911366  13.237  11.923  -0.782408  1.131136  -0.009584  extended
455  74.34  1  0.906669  12.957  11.195  -0.829160  1.073747  -0.017942  extended
456  85.82  1  0.930420  13.211  11.403  -0.875785  1.096950  -0.007210  extended
457  89.99  1  0.896247  12.597  11.021  -0.846868  1.095656  -0.004624  extended
458  69.51  1  0.921570  13.146  11.195  -0.883108  1.043558  -0.002652  extended
459  81.03  1  0.918375  13.486  11.215  -0.847300  1.051246  -0.008382  extended
460  72.83  1  0.928263  12.849  9.993  -0.786262  1.019365  -0.009168  extended
461  80.55  1  0.908216  13.175  11.308  -0.894475  1.092932  -0.002759  extended
462  83.54  1  0.906554  13.054  11.655  -0.847530  1.070094  0.000714  extended
463  72.56  1  0.923321  13.200  10.581  -0.816788  1.056829  0.001120  extended
464  75.14  1  0.907929  12.999  10.530  -0.832924  1.044070  -0.004186  extended
465  58.20  1  0.886588  13.338  11.237  -0.930625  1.084155  0.000691  extended
466  80.42  1  0.931553  12.878  10.757  -0.867986  1.037786  -0.001488  extended
467  83.79  1  0.883063  12.570  11.230  -0.878427  1.083008  -0.003999  extended
468  88.66  1  0.943120  12.741  11.155  -0.860340  1.086522  -0.013767  extended
469  93.58  1  0.898832  12.491  11.721  -0.870370  1.156565  -0.017216  extended
470  95.46  1  0.920360  12.753  10.661  -0.815374  1.093766  -0.013819  extended
471  76.73  1  0.889409  12.366  11.450  -0.855810  1.131371  -0.015110  extended
472  95.39  1  0.903530  12.746  11.254  -0.880777  1.111122  -0.020364  extended
473  80.25  1  0.910978  12.972  10.890  -0.840865  1.119518  -0.008371  extended
474  88.80  1  0.878122  12.825  11.518  -0.804086  1.138653  -0.005257  extended
475  69.42  1  0.885862  12.406  11.349  -0.838355  1.136784  -0.015972  extended
476  86.96  1  0.876402  12.936  11.981  -0.760038  1.139544  -0.009521  extended
477  73.48  1  0.902610  12.960  11.088  -0.757843  1.079277  0.002419  extended
478  82.50  1  0.892549  13.023  11.517  -0.872167  1.143185  -0.011921  extended
479  66.02  1  0.900260  12.899  11.695  -0.859475  1.121618  -0.018609  extended
480  76.64  1  0.933630  12.767  10.811  -0.845956  1.063326  -0.012205  extended
481  76.95  1  0.914726  12.653  11.446  -0.900783  1.079834  -0.015075  extended
482  90.49  1  0.918765  12.829  11.919  -0.830585  1.097315  -0.018798  extended
483  82.18  1  0.901391  13.159  12.353  -0.874545  1.123676  -0.013520  extended
484  89.21  1  0.914123  13.221  12.538  -0.859038  1.149254  -0.004341  extended
485  70.14  1  0.916732  13.463  11.577  -0.941142  1.071669  -0.005171  extended
486  80.92  1  0.899391  13.290  11.910  -0.930601  1.129037  -0.006861  extended
487  81.14  1  0.915546  12.814  11.252  -0.865517  1.100235  -0.013472  extended
488  75.47  1  0.935094  12.901  10.281  -0.815787  1.018237  -0.017474  extended
489  79.14  1  0.915040  12.892  10.706  -0.900822  1.112310  -0.018875  extended
490  75.89  1  0.905510  12.557  12.017  -0.923166  1.175575  -0.011118  extended
491  84.09  1  0.900888  12.531  10.484  -0.871064  1.105998  -0.022271  extended
492  105.28  1  0.911782  12.555  11.145  -0.836825  1.096468  -0.022909  extended
493  88.13  1  0.895716  12.641  11.416  -0.844118  1.111296  -0.026031  extended
494  89.10  1  0.921279  13.214  11.030  -0.894826  1.094685  -0.001779  extended
495  56.65  1  0.919211  12.762  10.891  -0.946965  1.088365  -0.018644  extended
496  82.64  1  0.895890  12.949  11.267  -0.893743  1.137495  -0.023920  extended
497  95.97  1  0.913651  12.622  11.125  -0.854510  1.122632  -0.007976  extended
498  90.34  1  0.888213  12.083  12.132  -0.775343  1.173067  -0.018696  extended
499  74.21  1  0.921806  12.815  11.232  -0.890315  1.089767  -0.013903  extended
500  93.43  1  0.899576  12.604  11.594  -0.726773  1.145767  -0.015340  extended
501  97.11  1  0.913004  13.477  11.816  -0.810519  1.147464  -0.017511  extended
502  79.74  1  0.901699  13.112  12.589  -0.800861  1.149703  -0.011931  extended
503  105.21  1  0.904139  12.964  11.773  -0.767640  1.184583  -0.026796  extended
504  89.09  1  0.917954  12.274  11.216  -0.749487  1.101682  -0.004273  extended
505  86.66  1  0.910341  12.930  11.941  -0.817122  1.153159  -0.009573  extended
506  83.54  1  0.915662  12.382  12.350  -0.852131  1.140998  -0.016816  extended
507  70.72  1  0.909826  12.259  11.652  -0.863534  1.065062  -0.014749  extended
508  65.73  1  0.893074  13.048  11.887  -0.929061  1.120833  -0.017609  extended
509  80.61  1  0.905821  12.653  10.829  -0.872544  1.116102  -0.016337  extended
510  95.52  1  0.897363  12.756  11.067  -0.890050  1.153584  -0.019116  extended
511  82.48  1  0.908049  12.996  11.551  -0.880605  1.118817  -0.008794  extended
512  89.03  1  0.911529  12.938  11.421  -0.875150  1.131506  -0.016541  extended
513  83.55  1  0.909224  12.755  12.763  -0.887517  1.168595  -0.023145  extended
514  79.97  1  0.884917  12.707  12.249  -0.838080  1.144623  -0.016124  extended
515  88.30  1  0.931972  12.892  11.669  -0.855866  1.091807  -0.019544  extended
516  94.68  1  0.913310  12.994  11.224  -0.680520  1.100785  -0.025780  extended
517  86.13  1  0.925711  12.788  11.487  -0.781865  1.100340  -0.021833  extended
518  93.61  1  0.900134  12.742  12.205  -0.853192  1.151104  -0.020233  extended
519  82.96  1  0.912263  12.474  12.101  -0.825217  1.167150  -0.036291  extended
520  98.80  1  0.886912  13.101  11.711  -0.794338  1.141119  -0.004676  extended
521  74.11  1  0.873358  13.016  12.593  -0.885927  1.210011  -0.013055  extended
522  89.22  1  0.910921  12.597  11.232  -0.899752  1.142400  -0.017326  extended
523  66.79  1  0.886775  12.815  12.572  -0.912149  1.200580  -0.008222  extended
524  78.56  1  0.897782  12.856  11.808  -0.701365  1.127784  -0.020746  extended
525  88.29  1  0.880751  13.544  12.761  -0.662799  1.138931  0.009784  extended
526  67.88  1  0.898475  12.993  12.459  -0.879129  1.194466  0.001905  extended
527  94.55  1  0.904694  13.869  12.587  -0.864357  1.187307  0.005914  extended
528  109.16  1  0.895817  13.626  12.221  -0.721056  1.172553  0.005269  extended
529  92.50  1  0.892829  13.364  12.119  -0.886368  1.216985  0.003126  extended
530  90.42  1  0.906111  13.698  11.603  -0.683338  1.164131  0.005952  extended
531  77.05  1  0.881934  14.078  12.141  -0.813073  1.196233  0.007287  extended
532  82.33  1  0.910606  13.818  11.675  -0.870653  1.151105  -0.002378  extended
533  84.45  1  0.911278  13.316  11.618  -0.936212  1.196025  0.008201  extended
534  84.72  1  0.914051  13.493  11.759  -0.906530  1.145788  -0.007280  extended
535  89.15  1  0.876772  13.582  12.603  -0.661989  1.170407  0.005964  extended
536  93.08  1  0.916274  13.378  11.409  -0.564403  1.136232  0.001984  S3_pocket
537  92.97  1  0.891467  13.078  11.830  -0.946902  1.201516  0.009545  extended
538  82.54  1  0.883401  13.423  12.067  -0.931014  1.203877  0.006736  extended
539  84.65  1  0.886372  13.017  12.346  -0.944032  1.207999  0.004074  extended
540  95.49  1  0.921225  13.015  11.464  -0.921079  1.102521  0.009806  extended
541  92.32  1  0.891318  13.113  12.116  -0.917625  1.145032  0.005867  extended
542  82.31  1  0.872770  12.771  12.288  -0.949140  1.179798  0.008016  extended
543  87.91  1  0.914346  12.484  11.238  -0.880647  1.119612  -0.008450  extended
544  86.96  1  0.887889  12.856  10.804  -0.879903  1.090127  0.003237  extended
545  71.84  1  0.921729  12.407  10.572  -0.950084  1.129277  0.005910  extended
546  98.92  1  0.911051  12.474  11.449  -0.930237  1.149927  -0.002632  extended
547  75.55  1  0.880097  12.808  12.083  -0.946259  1.251832  0.006071  extended
548  93.32  1  0.876646  12.646  12.000  -0.951161  1.231952  0.007875  extended
549  83.45  1  0.909771  12.904  10.844  -0.920984  1.178579  0.004336  extended
550  74.49  1  0.915535  13.053  11.570  -0.953627  1.176308  0.010248  extended
551  79.40  1  0.898911  12.814  11.062  -0.954743  1.153060  0.013191  extended
552  94.90  1  0.888083  13.015  10.945  -0.899777  1.173960  0.004092  extended
553  68.50  1  0.871192  13.024  12.085  -0.978031  1.229082  0.011478  extended
554  79.56  1  0.904719  12.961  11.765  -0.927482  1.143902  -0.008500  extended
555  87.28  1  0.851976  12.439  11.861  -0.879993  1.245118  0.001696  extended
556  88.14  1  0.879060  12.853  10.823  -0.885767  1.143835  -0.000070  extended
557  69.63  1  0.916258  12.633  11.342  -0.927155  1.136038  0.005389  extended
558  99.50  1  0.909622  12.983  11.132  -0.883564  1.114840  -0.001779  extended
559  71.05  1  0.894380  13.080  12.075  -0.967674  1.175979  0.001241  extended
560  103.04  1  0.889892  12.785  11.320  -0.868221  1.147524  -0.002937  extended
561  87.68  1  0.905348  13.068  11.290  -0.900699  1.110396  -0.009078  extended
562  69.08  1  0.937688  12.779  10.855  -0.958111  1.066812  0.000659  extended
563  85.21  1  0.919487  12.787  11.019  -0.818552  1.082960  0.000641  extended
564  66.98  1  0.887805  13.352  11.973  -0.987406  1.182715  0.006159  extended
565  72.36  1  0.921048  13.083  11.068  -0.953954  1.141604  0.003918  extended
566  78.43  1  0.875753  13.285  12.710  -0.980957  1.236693  0.010135  extended
567  57.62  1  0.894375  12.684  11.629  -0.969057  1.155941  0.003753  extended
568  80.57  1  0.896209  12.997  12.136  -0.902873  1.166207  -0.007239  extended
569  86.33  1  0.903169  12.751  11.090  -0.929848  1.134262  0.001201  extended
570  71.48  1  0.907561  13.058  11.038  -0.916944  1.130104  -0.011274  extended
571  69.86  1  0.931086  13.042  11.382  -0.937412  1.144919  -0.004416  extended
572  83.35  1  0.936114  13.250  10.353  -0.931277  1.087787  -0.005621  extended
573  72.91  1  0.889249  12.386  11.041  -0.897421  1.136859  -0.006848  extended
574  68.30  1  0.860131  12.681  11.519  -0.933334  1.168809  0.000229  extended
575  71.58  1  0.891243  12.435  12.089  -0.914453  1.172827  -0.020846  extended
576  60.67  1  0.875403  12.405  11.021  -0.852633  1.151265  -0.016016  extended
577  90.07  1  0.900821  12.602  10.912  -0.903558  1.096051  -0.004283  extended
578  92.35  1  0.916143  12.584  11.282  -0.881741  1.128449  -0.021802  extended
579  89.00  1  0.893355  12.356  11.803  -0.904451  1.168298  -0.003906  extended
580  68.28  1  0.888529  13.115  11.295  -0.933648  1.162161  -0.002104  extended
581  67.00  1  0.903319  12.675  11.055  -0.839759  1.097994  -0.006320  extended
582  75.04  1  0.906286  12.550  11.745  -0.858202  1.142534  -0.001907  extended
583  92.03  1  0.886873  13.032  11.725  -0.832184  1.177756  0.000012  extended
584  83.36  1  0.884616  13.175  12.243  -0.920516  1.186540  -0.000838  extended
585  86.87  1  0.911074  12.899  11.067  -0.874302  1.098465  -0.014175  extended
586  60.66  1  0.900651  13.064  11.384  -0.964859  1.138299  0.010350  extended
587  71.83  1  0.878977  13.102  11.403  -0.912695  1.177037  0.007462  extended
588  69.14  1  0.915003  12.889  11.062  -0.944683  1.154043  0.002128  extended
589  78.06  1  0.882937  13.263  12.140  -0.940540  1.188786  0.003549  extended
590  102.71  1  0.872162  12.757  11.430  -0.923137  1.182369  -0.004194  extended
591  73.25  1  0.903126  12.658  10.810  -0.911155  1.133025  -0.001036  extended
592  79.52  1  0.849224  12.637  12.257  -0.901393  1.250613  0.003802  extended
593  67.22  1  0.915141  12.773  10.885  -0.955965  1.152249  0.001009  extended
594  83.68  1  0.874508  12.680  11.928  -0.937540  1.186296  0.004456  extended
595  69.16  1  0.900171  12.540  11.442  -0.862275  1.128760  0.000931  extended
596  75.52  1  0.911926  13.103  11.296  -0.940676  1.119778  -0.006352  extended
597  86.31  1  0.804002  13.149  13.302  -0.966406  1.317758  0.016323  extended
598  74.03  1  0.855861  12.802  12.351  -0.909496  1.177181  -0.008193  extended
599  103.24  1  0.869806  12.566  12.127  -0.833252  1.179927  -0.012604  extended
600  59.46  1  0.892990  12.865  10.990  -0.918012  1.114525  -0.007768  extended
601  82.91  1  0.880340  12.966  11.841  -0.941788  1.164436  -0.007524  extended
602  60.77  1  0.910986  12.791  10.906  -0.970225  1.124793  -0.002225  extended
603  74.59  1  0.871107  13.363  11.737  -0.951976  1.168380  -0.012188  extended
604  79.58  1  0.928104  13.231  11.259  -0.889531  1.112739  -0.006947  extended
605  72.40  1  0.894471  13.027  11.610  -0.914251  1.137931  -0.005456  extended
606  79.90  1  0.880115  13.377  12.184  -0.777870  1.172621  -0.003830  extended
607  86.02  1  0.897769  13.872  12.454  -0.870110  1.163631  -0.005680  extended
608  86.35  1  0.877352  13.589  12.389  -0.888575  1.222968  0.005086  extended
609  93.73  1  0.923143  12.590  11.308  -0.825369  1.122240  -0.021989  extended
610  73.80  1  0.880817  12.857  12.074  -0.889289  1.205259  -0.016335  extended
611  85.54  1  0.908996  13.441  12.332  -0.914385  1.134056  -0.001252  extended
612  75.05  1  0.888517  13.400  12.096  -0.842221  1.189473  -0.001609  extended
613  113.08  1  0.872861  12.367  11.910  -0.755880  1.207156  -0.014689  extended
614  96.09  1  0.910115  12.993  11.935  -0.854198  1.163973  -0.005953  extended
615  84.21  1  0.873917  13.202  12.039  -0.788873  1.169809  -0.001645  extended
616  82.53  1  0.889888  13.632  11.945  -0.850786  1.158938  -0.006231  extended
617  75.03  1  0.904267  13.185  11.184  -0.811052  1.095137  -0.010266  extended
618  85.99  1  0.872131  13.230  11.864  -0.845963  1.182751  0.001439  extended
619  69.87  1  0.920768  13.025  11.573  -0.868314  1.121332  0.001944  extended
620  95.37  1  0.931886  13.040  11.712  -0.761999  1.105904  -0.023165  extended
621  76.69  1  0.898053  13.248  11.452  -0.950095  1.172029  -0.005395  extended
622  68.59  1  0.914767  12.961  11.271  -0.899893  1.124499  -0.014714  extended
623  93.99  1  0.870892  12.800  12.010  -0.891695  1.196542  -0.016593  extended
624  95.58  1  0.863552  13.155  12.494  -0.850302  1.201017  -0.004117  extended
625  76.65  1  0.887374  13.305  11.709  -0.931790  1.142334  -0.004297  extended
626  89.10  1  0.902295  12.727  11.599  -0.895025  1.158700  -0.004741  extended
627  89.48  1  0.911327  13.316  11.543  -0.940808  1.167042  -0.009693  extended
628  88.19  1  0.841996  12.568  11.470  -0.793568  1.187430  -0.000747  extended
629  92.44  1  0.906415  12.785  12.155  -0.866354  1.182120  -0.003906  extended
630  77.74  1  0.911014  13.087  11.958  -0.918184  1.166920  -0.004112  extended
631  56.67  1  0.891954  13.524  11.041  -0.958293  1.135813  0.002280  extended
632  96.76  1  0.880912  13.488  11.413  -0.888590  1.131546  -0.013210  extended
633  76.05  1  0.890318  12.964  11.759  -0.891950  1.131043  -0.013896  extended
634  83.79  1  0.921889  13.337  11.071  -0.822929  1.083067  -0.020166  extended
635  83.10  1  0.896555  13.070  11.481  -0.914609  1.149399  -0.009744  extended
636  72.74  1  0.867469  12.998  12.204  -0.916132  1.182923  -0.007329  extended
637  75.49  1  0.866775  13.662  12.464  -0.975530  1.222256  -0.003576  extended
638  81.91  1  0.893682  13.456  11.915  -0.943838  1.168453  -0.009871  extended
639  79.31  1  0.886500  13.581  11.675  -0.836850  1.110111  -0.002266  extended
640  106.40  1  0.862366  13.024  13.405  -0.881302  1.222433  -0.011840  extended
641  76.61  1  0.881256  13.346  12.062  -0.920089  1.151047  -0.010455  extended
642  87.07  1  0.867351  13.059  12.342  -0.905221  1.193235  -0.000788  extended
643  88.28  1  0.873565  13.580  11.443  -0.879831  1.142596  -0.013735  extended
644  88.28  1  0.902200  13.239  12.227  -0.931032  1.176416  -0.013920  extended
645  91.21  1  0.879493  13.260  12.161  -0.828635  1.141633  -0.023905  extended
646  82.94  1  0.868130  12.973  12.256  -0.783346  1.167123  -0.008274  extended
647  82.58  1  0.854827  12.917  12.522  -0.939090  1.213914  0.001927  extended
648  88.71  1  0.884877  13.282  12.901  -0.886217  1.192980  -0.003383  extended
649  83.00  1  0.863403  13.054  12.489  -0.878891  1.200348  -0.006568  extended
650  71.98  1  0.877905  13.321  12.408  -0.893277  1.139285  -0.008841  extended
651  68.86  1  0.877160  13.211  11.731  -0.884189  1.180043  -0.012003  extended
652  65.66  1  0.867509  12.737  11.031  -0.930929  1.137310  -0.005264  extended
653  93.87  1  0.871772  12.820  11.435  -0.825728  1.138665  -0.022158  extended
654  96.85  1  0.876200  13.072  12.807  -0.904704  1.226174  0.002590  extended
655  81.98  1  0.873832  13.623  13.103  -0.872353  1.215916  -0.003840  extended
656  102.28  1  0.897719  13.527  11.960  -0.846837  1.167111  -0.013891  extended
657  85.55  1  0.866072  13.405  11.645  -0.757973  1.117420  -0.010583  extended
658  88.19  1  0.867097  13.439  12.393  -0.913061  1.195307  -0.012312  extended
659  84.57  1  0.880639  13.895  11.535  -0.874110  1.110122  -0.003652  extended
660  79.73  1  0.891348  13.138  12.262  -0.871935  1.130258  -0.008271  extended
661  101.96  1  0.886500  13.260  12.308  -0.921423  1.164492  -0.002830  extended
662  76.70  1  0.893478  13.291  11.414  -0.805212  1.070512  -0.009258  extended
663  79.02  1  0.879295  13.584  12.491  -0.963031  1.192771  -0.005714  extended
664  85.57  1  0.887729  13.487  12.441  -0.914322  1.167018  -0.014711  extended
665  83.66  1  0.906290  13.333  11.240  -0.921214  1.140092  -0.006389  extended
666  90.80  1  0.880884  13.410  11.787  -0.872407  1.142077  -0.007344  extended
667  80.08  1  0.859298  13.588  12.544  -0.920262  1.191924  -0.004660  extended
668  88.88  1  0.867281  13.229  12.111  -0.868184  1.123947  -0.010431  extended
669  103.02  1  0.852316  13.098  12.554  -0.850331  1.158992  -0.002158  extended
670  77.81  1  0.883968  13.475  11.907  -0.819316  1.157019  -0.006033  extended
671  87.16  1  0.856319  13.379  13.218  -0.948749  1.222006  -0.007880  extended
672  83.84  1  0.855251  12.924  12.115  -0.905720  1.196011  -0.026412  extended
673  105.84  1  0.838169  13.642  12.854  -0.921041  1.245077  -0.008535  extended
674  57.91  1  0.846825  12.888  12.670  -0.934115  1.240624  -0.011643  extended
675  89.84  1  0.839754  12.908  12.913  -0.947245  1.236505  -0.007648  extended
676  81.57  1  0.880312  13.111  12.134  -0.856765  1.152485  -0.011886  extended
677  51.54  1  0.884083  13.254  11.385  -0.889012  1.153670  -0.016164  extended
678  100.51  1  0.865104  12.962  12.856  -0.875789  1.229172  -0.011244  extended
679  72.02  1  0.859114  13.235  12.304  -0.939846  1.181371  -0.014756  extended
680  62.64  1  0.834578  12.588  12.108  -0.921866  1.229369  -0.030165  extended
681  81.33  1  0.856392  13.095  13.029  -0.981837  1.258100  -0.006773  extended
682  82.01  1  0.877328  13.285  12.428  -0.925920  1.145720  -0.008522  extended
683  93.51  1  0.888992  12.697  11.777  -0.863448  1.173939  -0.018832  extended
684  100.63  1  0.875488  13.235  11.793  -0.856228  1.191704  0.001673  extended
685  96.75  1  0.856513  13.159  12.389  -0.906100  1.173638  -0.008120  extended
686  89.22  1  0.837067  13.354  13.114  -0.989935  1.259433  0.003646  extended
687  90.98  1  0.855720  12.973  12.589  -0.903692  1.170062  -0.010892  extended
688  65.12  1  0.875194  13.342  12.187  -0.950915  1.179594  -0.002030  extended
689  63.80  1  0.859872  13.260  11.832  -0.922716  1.148067  0.002414  extended
690  52.03  1  0.895294  13.246  11.175  -0.902678  1.103863  0.000946  extended
691  76.83  1  0.869789  13.161  12.174  -0.843159  1.142161  -0.008483  extended
692  86.63  1  0.864010  13.210  12.195  -0.901299  1.212872  -0.013500  extended
693  91.98  1  0.883001  13.055  12.130  -0.857358  1.177943  -0.018262  extended
694  77.06  1  0.890623  13.348  12.164  -0.963801  1.145003  -0.007601  extended
695  88.10  1  0.854572  13.721  11.949  -0.957317  1.164256  -0.018409  extended
696  81.73  1  0.866349  13.162  11.961  -0.863786  1.163847  -0.008397  extended
697  95.31  1  0.850209  13.045  12.275  -0.855654  1.224205  -0.011170  extended
698  81.42  1  0.869486  13.069  12.162  -0.907899  1.168821  -0.013557  extended
699  77.90  1  0.858342  13.172  12.226  -0.883666  1.181789  -0.015655  extended
700  74.63  1  0.870309  12.989  12.476  -0.916949  1.193138  -0.014607  extended
701  81.09  1  0.869063  13.235  12.068  -0.871494  1.140192  -0.002924  extended
702  78.93  1  0.885387  13.461  11.431  -0.842001  1.175979  -0.005870  extended
703  80.48  1  0.869898  13.209  12.084  -0.921712  1.174306  0.000037  extended
704  80.11  1  0.866729  13.336  12.503  -0.925715  1.209900  -0.011280  extended
705  73.27  1  0.855717  12.786  11.848  -0.889325  1.184336  -0.009995  extended
706  72.94  1  0.882449  13.019  12.617  -0.954408  1.226788  -0.023366  extended
707  64.41  1  0.899584  13.076  11.231  -0.877326  1.157082  -0.013355  extended
708  67.88  1  0.900321  13.276  12.519  -0.906843  1.207605  -0.003886  extended
709  68.11  1  0.893507  13.167  12.010  -0.896228  1.181918  -0.012645  extended
710  68.16  1  0.893969  13.492  12.079  -0.895049  1.171705  -0.013806  extended
711  72.55  1  0.876997  13.384  12.444  -0.867515  1.184368  -0.003755  extended
712  79.08  1  0.875199  13.414  12.428  -0.924118  1.207873  -0.016772  extended
713  69.92  1  0.894820  13.109  12.090  -0.889359  1.189511  -0.010421  extended
714  92.75  1  0.875417  12.557  12.894  -0.815411  1.240947  -0.019132  extended
715  87.20  1  0.857565  13.091  13.387  -0.896810  1.251625  -0.009225  extended
716  69.03  1  0.899425  13.322  12.006  -0.934100  1.181696  -0.011487  extended
717  71.70  1  0.883735  13.151  12.182  -0.979623  1.230316  0.002357  extended
718  86.53  1  0.872525  13.177  11.301  -0.888459  1.163300  -0.010127  extended
719  96.81  1  0.889490  13.386  12.180  -0.942677  1.204137  -0.010353  extended
720  70.86  1  0.867327  13.104  12.119  -0.908865  1.202986  -0.007703  extended
721  68.47  1  0.874045  13.253  12.545  -0.897205  1.222744  0.005719  extended
722  69.03  1  0.861852  13.051  12.930  -0.927643  1.257133  0.001459  extended
723  73.93  1  0.858273  13.282  12.913  -0.897442  1.221475  -0.003901  extended
724  73.70  1  0.863383  13.288  13.077  -0.945611  1.256360  -0.006346  extended
725  68.97  1  0.857626  13.153  12.293  -0.951211  1.231511  0.000929  extended
726  48.11  0  0.885215  13.687  12.117  -0.980628  1.188580  -0.006718  extended
727  93.30  1  0.895760  12.951  12.353  -0.800740  1.169765  -0.011363  extended
728  74.58  1  0.884390  13.322  12.223  -0.911200  1.219285  -0.009512  extended
729  91.17  1  0.890689  13.229  11.879  -0.891145  1.171423  -0.014192  extended
730  77.97  1  0.894786  13.424  12.531  -0.943982  1.197330  0.000021  extended
731  80.34  1  0.896881  13.574  12.054  -0.930450  1.207042  -0.021137  extended
732  85.69  1  0.909083  13.070  11.449  -0.878134  1.104246  -0.003310  extended
733  93.35  1  0.889097  13.502  12.083  -0.904345  1.196977  -0.008791  extended
734  77.91  1  0.917985  13.191  11.819  -0.912603  1.137360  -0.007446  extended
735  77.99  1  0.869445  12.620  12.154  -0.904188  1.192161  -0.007213  extended
736  76.81  1  0.862202  13.451  12.277  -0.923345  1.214256  -0.006689  extended
737  71.51  1  0.898114  12.740  11.858  -0.941484  1.202659  -0.012213  extended
738  48.55  0  0.893763  13.565  12.350  -0.957942  1.191885  0.005362  extended
739  63.04  1  0.894015  13.584  12.295  -0.963687  1.200258  -0.007960  extended
740  53.63  1  0.883824  13.523  11.398  -0.929842  1.113312  -0.007051  extended
741  79.41  1  0.871667  13.233  11.623  -0.879403  1.188003  -0.007779  extended
742  75.73  1  0.889782  12.743  11.275  -0.854236  1.164886  -0.019394  extended
743  86.38  1  0.880400  12.595  11.438  -0.832082  1.141602  -0.012369  extended
744  87.53  1  0.915119  12.279  10.187  -0.766134  1.060140  -0.018900  extended
745  90.84  1  0.891349  12.902  11.937  -0.833890  1.194463  -0.021727  extended
746  76.65  1  0.896478  12.982  11.056  -0.897289  1.175526  -0.006799  extended
747  79.46  1  0.904947  12.968  11.136  -0.914331  1.158895  -0.007144  extended
748  92.64  1  0.852698  12.814  12.271  -0.841956  1.171874  -0.010633  extended
749  66.95  1  0.886994  13.097  11.954  -0.934988  1.181909  0.003079  extended
750  80.88  1  0.895277  12.989  11.316  -0.875009  1.155697  -0.012956  extended
751  73.82  1  0.907782  13.286  11.104  -0.870236  1.111360  -0.010001  extended
752  73.19  1  0.893885  13.040  12.519  -0.920264  1.217205  -0.018415  extended
753  75.53  1  0.890013  13.173  11.344  -0.870500  1.172395  -0.008934  extended
754  64.45  1  0.897226  13.164  11.068  -0.965824  1.136776  -0.001697  extended
755  88.40  1  0.891914  13.177  11.634  -0.841821  1.157340  -0.015014  extended
756  82.57  1  0.860196  13.014  12.047  -0.953537  1.226223  -0.019546  extended
757  75.06  1  0.908207  12.557  11.511  -0.898174  1.166652  -0.014271  extended
758  86.20  1  0.863173  12.754  12.061  -0.885258  1.241242  -0.006865  extended
759  81.73  1  0.875923  13.025  11.656  -0.892531  1.207746  -0.016887  extended
760  67.09  1  0.893338  12.320  11.873  -0.892019  1.215686  -0.019556  extended
761  98.33  1  0.811189  12.723  13.501  -0.956453  1.335011  -0.011778  extended
762  74.43  1  0.879895  12.755  11.638  -0.886172  1.190435  -0.015365  extended
763  79.92  1  0.883387  13.123  11.429  -0.954033  1.219108  -0.008289  extended
764  85.13  1  0.901422  12.722  12.039  -0.908934  1.205666  -0.013831  extended
765  80.80  1  0.886002  13.380  12.535  -0.942086  1.253835  -0.014375  extended
766  89.62  1  0.891035  13.173  11.608  -0.925795  1.167996  -0.014540  extended
767  82.93  1  0.901475  13.263  11.243  -0.859532  1.154424  -0.002350  extended
768  102.04  1  0.896407  12.722  12.475  -0.910121  1.268557  -0.012875  extended
769  91.06  1  0.927735  13.355  11.794  -0.886178  1.157098  0.002422  extended
770  80.27  1  0.905107  12.854  12.198  -0.926924  1.246594  -0.003536  extended
771  93.38  1  0.947842  13.150  12.083  -0.922951  1.205402  -0.008854  extended
772  80.32  1  0.953245  12.961  10.943  -0.905846  1.142573  -0.002067  extended
773  90.25  1  0.918481  13.263  12.383  -0.847792  1.222522  -0.005872  extended
774  95.29  1  0.951256  13.357  12.113  -0.945054  1.197047  -0.004915  extended
775  99.23  1  0.918354  12.936  12.433  -0.890583  1.223331  -0.008710  extended
776  72.98  1  0.930721  13.401  13.132  -0.952449  1.259675  -0.003207  extended
777  106.16  1  0.889279  13.432  12.863  -0.855489  1.259062  -0.008910  extended
778  96.31  1  0.875304  13.242  12.634  -0.833803  1.223605  0.007198  extended
779  90.78  1  0.901348  13.218  12.451  -0.952763  1.222904  -0.008367  extended
780  97.69  1  0.930435  13.463  12.084  -0.968651  1.243342  -0.005232  extended
781  99.73  1  0.896264  13.244  11.156  -0.858762  1.174344  -0.010773  extended
782  60.77  1  0.901422  13.218  12.168  -0.914044  1.216375  0.001849  extended
783  89.55  1  0.921359  13.272  12.484  -0.953994  1.241419  -0.004013  extended
784  84.76  1  0.925072  13.476  12.050  -0.939143  1.181580  -0.003443  extended
785  83.86  1  0.939134  13.467  11.345  -0.965061  1.164070  -0.013398  extended
786  86.37  1  0.934116  13.023  11.805  -0.884770  1.153458  -0.010209  extended
787  109.75  1  0.935276  12.662  11.687  -0.836324  1.177827  -0.010054  extended
788  91.68  1  0.929673  12.903  11.961  -0.902728  1.197416  -0.014825  extended
789  57.86  1  0.938880  13.067  11.819  -0.885969  1.137067  -0.003457  extended
790  86.36  1  0.942581  13.359  11.153  -0.843803  1.133145  -0.014094  extended
791  87.56  1  0.936491  13.394  11.337  -0.892492  1.135461  -0.000241  extended
792  76.15  1  0.933328  13.444  11.529  -0.886260  1.152435  -0.010310  extended
793  97.24  1  0.896858  13.137  11.965  -0.913796  1.184318  -0.009073  extended
794  79.53  1  0.937969  13.271  11.478  -0.942254  1.127603  -0.000292  extended
795  87.20  1  0.957286  12.918  11.709  -0.946113  1.165250  -0.000234  extended
796  82.52  1  0.947111  13.415  10.600  -0.894508  1.076040  -0.007815  extended
797  76.55  1  0.943851  13.517  10.971  -0.971250  1.142083  -0.004581  extended
798  83.32  1  0.897652  13.194  12.166  -0.884286  1.193342  -0.010223  extended
799  92.52  1  0.930438  13.213  11.573  -0.919645  1.189363  -0.011442  extended
800  79.00  1  0.900694  13.172  11.437  -0.895625  1.200704  0.001546  extended
801  92.91  1  0.899919  13.685  11.590  -0.914109  1.180310  -0.012100  extended
802  65.47  1  0.920074  13.272  10.712  -0.942454  1.085954  -0.005582  extended
803  98.24  1  0.928902  12.847  11.831  -0.873899  1.143683  -0.008646  extended
804  73.87  1  0.906144  12.783  12.155  -0.962103  1.180118  -0.002958  extended
805  60.51  1  0.951119  13.589  10.954  -0.879089  1.083656  -0.009273  extended
806  74.06  1  0.953102  13.238  10.972  -0.893148  1.125109  -0.005162  extended
807  60.25  1  0.959873  13.617  11.282  -0.954917  1.133112  -0.017716  extended
808  94.10  1  0.930177  13.288  11.678  -0.931680  1.209906  -0.008305  extended
809  62.66  1  0.936117  13.395  11.251  -0.961056  1.099130  -0.010097  extended
810  65.53  1  0.934843  13.517  11.114  -0.892463  1.091936  -0.022335  extended
811  78.05  1  0.934117  13.152  12.249  -0.922019  1.184129  -0.005220  extended
812  89.40  1  0.934282  12.980  11.791  -0.913926  1.175487  -0.014151  extended
813  76.02  1  0.907614  13.151  11.768  -0.946658  1.217918  -0.012196  extended
814  74.62  1  0.899300  13.417  11.914  -0.884120  1.171326  -0.003791  extended
815  73.28  1  0.924712  13.310  11.428  -0.860850  1.093023  -0.011162  extended
816  84.83  1  0.947096  13.494  11.346  -0.843893  1.080594  -0.015704  extended
817  99.45  1  0.931074  13.174  11.739  -0.919813  1.146519  -0.010327  extended
818  85.03  1  0.914911  13.217  12.289  -0.918498  1.184842  -0.009987  extended
819  79.30  1  0.947636  13.328  11.143  -0.912808  1.064503  -0.020778  extended
820  87.02  1  0.947467  13.001  11.100  -0.899554  1.085302  0.003563  extended
821  65.61  1  0.909601  12.792  11.097  -0.869353  1.108357  0.012144  extended
822  48.60  0  0.930862  13.208  10.353  -0.934835  1.043745  0.010312  extended
823  74.92  1  0.945484  12.898  10.735  -0.859557  1.065324  -0.002444  extended
824  80.63  1  0.921369  12.634  11.735  -0.887471  1.186346  -0.004375  extended
825  74.69  1  0.905003  12.658  11.743  -0.870075  1.169598  0.009540  extended
826  75.47  1  0.953349  13.403  10.783  -0.911608  1.043065  -0.002624  extended
827  65.36  1  0.941912  13.338  10.741  -0.905828  1.040002  -0.009310  extended
828  86.46  1  0.921224  12.628  8.260  -0.613396  0.928144  -0.002779  S3_pocket
829  59.75  1  0.962325  13.812  9.092  -0.913129  0.926779  -0.013588  extended
830  69.58  1  0.959526  13.586  9.651  -0.867770  1.006917  -0.005088  extended
831  55.84  1  0.963512  13.880  8.861  -0.878586  0.972619  -0.009077  extended
832  62.88  1  0.930117  13.083  7.964  -0.706654  0.903754  -0.001929  S3_pocket
833  64.06  1  0.937278  13.428  9.845  -0.843331  0.985072  -0.008007  extended
834  55.49  1  0.936887  13.098  10.705  -0.906393  0.998016  -0.000581  extended
835  81.58  1  0.943880  13.717  11.195  -0.880559  1.051788  -0.014543  extended
836  65.25  1  0.936822  13.570  10.626  -0.984227  1.050842  0.016888  extended
837  67.44  1  0.957011  13.079  9.599  -0.917342  0.970982  0.003749  extended
838  93.30  1  0.922529  12.594  11.810  -0.835927  1.150215  -0.005966  extended
839  59.58  1  0.928993  13.430  10.699  -0.837326  1.059325  -0.000970  extended
840  92.98  1  0.914132  12.922  11.852  -0.877745  1.173633  -0.007756  extended
841  57.74  1  0.929706  12.933  11.208  -0.933121  1.121090  -0.007857  extended
842  71.13  1  0.934403  12.863  11.358  -0.952356  1.103142  -0.015775  extended
843  81.16  1  0.954565  13.541  10.728  -0.849626  1.067998  0.002544  extended
844  75.78  1  0.928533  13.788  11.505  -0.857278  1.114162  -0.007227  extended
845  58.19  1  0.945231  13.238  10.662  -0.964467  1.078059  -0.011009  extended
846  79.95  1  0.926488  13.179  11.028  -0.847462  1.077158  -0.005906  extended
847  56.77  1  0.943016  13.631  10.632  -0.966278  1.108165  -0.015376  extended
848  78.68  1  0.930373  13.406  10.406  -0.873869  1.045626  -0.008881  extended
849  78.63  1  0.951576  13.393  10.722  -0.872685  1.038774  -0.007683  extended
850  71.71  1  0.943814  13.215  10.360  -0.871550  1.046457  -0.008318  extended
851  79.25  1  0.959091  13.136  11.551  -0.883178  1.116075  -0.002509  extended
852  54.02  1  0.928135  13.391  11.160  -0.920807  1.121808  -0.008045  extended
853  64.66  1  0.931623  12.774  10.413  -0.695373  0.993864  0.005350  extended
854  67.15  1  0.917886  13.200  11.320  -0.913408  1.112622  -0.006383  extended
855  59.14  1  0.922224  13.410  10.759  -0.891097  1.086091  0.002005  extended
856  85.25  1  0.942298  13.549  10.849  -0.870280  1.030506  -0.001556  extended
857  57.33  1  0.932989  13.335  10.728  -0.929830  1.081841  -0.005122  extended
858  75.68  1  0.931650  13.099  10.759  -0.851692  1.062804  0.002043  extended
859  59.13  1  0.940784  12.794  10.365  -0.949545  1.049011  -0.007313  extended
860  49.30  0  0.950865  12.941  10.698  -0.902594  1.006931  0.014545  extended
861  75.70  1  0.938671  13.134  10.486  -0.883292  1.064859  0.002290  extended
862  88.02  1  0.930383  13.078  11.211  -0.871636  1.134883  -0.005819  extended
863  75.69  1  0.937806  13.519  11.381  -0.916693  1.075781  -0.008772  extended
864  64.39  1  0.938774  13.312  10.431  -0.779668  0.988988  0.007903  extended
865  79.83  1  0.929266  13.618  11.376  -0.905705  1.113365  -0.005981  extended
866  59.51  1  0.947749  13.357  10.951  -0.904703  1.061602  -0.005204  extended
867  87.77  1  0.935161  13.312  11.590  -0.900289  1.132427  -0.012443  extended
868  55.82  1  0.924152  13.021  11.040  -0.888671  1.107807  -0.001355  extended
869  85.84  1  0.879370  12.653  11.764  -0.876064  1.160817  -0.009507  extended
870  84.33  1  0.911858  13.006  11.868  -0.881338  1.161903  -0.009424  extended
871  75.31  1  0.926528  13.807  11.451  -0.903806  1.093932  -0.016281  extended
872  62.54  1  0.944718  13.609  10.982  -0.949960  1.097600  -0.006906  extended
873  55.32  1  0.934150  13.012  10.606  -0.919306  1.093709  -0.004825  extended
874  64.04  1  0.939097  13.770  10.455  -0.952338  1.098088  -0.009758  extended
875  95.21  1  0.941183  12.995  10.576  -0.828422  1.069825  0.005992  extended
876  75.76  1  0.948216  13.185  11.132  -0.934936  1.075509  -0.002859  extended
877  75.77  1  0.948465  12.798  10.511  -0.840572  1.076810  -0.006261  extended
878  68.67  1  0.924471  13.183  10.926  -0.896471  1.100759  -0.017848  extended
879  87.15  1  0.918831  13.372  11.738  -0.911888  1.128930  -0.014904  extended
880  92.86  1  0.958424  13.154  10.219  -0.815047  0.983494  -0.005268  extended
881  54.08  1  0.952188  13.759  10.589  -0.911358  1.026567  -0.015606  extended
882  68.81  1  0.924888  12.813  11.183  -0.876303  1.092059  0.003479  extended
883  67.63  1  0.935107  12.718  10.783  -0.816072  1.031127  0.000632  extended
884  67.26  1  0.935978  13.586  10.476  -0.904739  1.054157  -0.015053  extended
885  64.20  1  0.925442  13.023  11.729  -0.967480  1.158641  0.005322  extended
886  78.12  1  0.900400  13.087  11.445  -0.906866  1.144018  0.000478  extended
887  76.59  1  0.924146  12.219  10.623  -0.737468  1.114152  -0.022219  extended
888  77.85  1  0.928811  13.385  11.193  -0.857979  1.118132  -0.004280  extended
889  77.10  1  0.927110  12.570  11.603  -0.872206  1.115688  -0.009994  extended
890  65.13  1  0.907064  12.855  11.651  -0.878300  1.120274  -0.008091  extended
891  85.53  1  0.894482  12.897  11.709  -0.901775  1.160331  -0.002144  extended
892  65.78  1  0.946818  12.921  11.759  -0.912773  1.126452  -0.004929  extended
893  74.37  1  0.916826  13.022  11.905  -0.905036  1.150869  -0.013444  extended
894  58.82  1  0.931716  12.981  11.729  -0.889667  1.105180  0.000180  extended
895  66.44  1  0.923488  12.991  11.238  -0.938004  1.116332  -0.006266  extended
896  61.56  1  0.919716  13.412  10.897  -0.904822  1.089170  0.005682  extended
897  73.40  1  0.930144  13.011  11.819  -0.877853  1.125497  -0.013615  extended
898  65.28  1  0.939389  13.131  11.126  -0.926668  1.096457  -0.006096  extended
899  66.45  1  0.942779  13.493  11.575  -0.937952  1.098180  -0.010747  extended
900  64.21  1  0.946013  13.243  10.539  -0.918139  1.043734  -0.013408  extended
901  64.52  1  0.964471  13.203  10.350  -0.917630  1.043339  -0.003862  extended
902  70.89  1  0.928015  12.969  11.870  -0.920316  1.133861  -0.009649  extended
903  67.73  1  0.938194  13.676  10.819  -0.943671  1.117353  -0.010213  extended
904  63.16  1  0.919573  13.031  11.426  -0.929698  1.133029  -0.003816  extended
905  81.45  1  0.948812  12.817  10.780  -0.895211  1.104874  -0.001028  extended
906  61.50  1  0.936084  13.100  11.181  -0.880030  1.103198  -0.007348  extended
907  78.88  1  0.934158  12.864  11.087  -0.857117  1.120037  0.002621  extended
908  74.66  1  0.944107  13.681  10.819  -0.895498  1.078298  -0.010291  extended
909  62.32  1  0.945157  13.363  10.506  -0.913310  1.080429  -0.009989  extended
910  70.66  1  0.900889  12.978  12.045  -0.841575  1.126544  -0.009171  extended
911  84.30  1  0.908396  13.383  11.315  -0.800149  1.087035  -0.002012  extended
912  63.72  1  0.938701  13.251  10.053  -0.877241  1.022508  -0.014290  extended
913  81.71  1  0.941772  13.425  10.453  -0.882606  1.037285  -0.008656  extended
914  95.27  1  0.933449  13.453  10.138  -0.817402  1.061539  -0.007383  extended
915  70.48  1  0.923170  13.345  11.556  -0.902197  1.105599  0.004151  extended
916  62.66  1  0.950879  13.182  11.068  -0.888209  1.083582  0.000847  extended
917  62.43  1  0.932065  13.158  10.477  -0.928806  1.071964  -0.000128  extended
918  63.72  1  0.910819  13.771  11.298  -0.924133  1.127355  -0.006507  extended
919  67.44  1  0.926318  13.706  12.033  -0.899896  1.100890  -0.015127  extended
920  68.08  1  0.936263  13.746  10.831  -0.894917  1.031080  0.000898  extended
921  60.87  1  0.933721  13.362  10.989  -0.916114  1.063265  -0.007080  extended
922  64.60  1  0.941389  13.821  10.775  -0.950441  1.052879  -0.009225  extended
923  68.13  1  0.924638  13.281  10.178  -0.921668  1.040085  -0.008173  extended
924  69.33  1  0.882166  13.016  11.966  -0.794926  1.155538  -0.014364  extended
925  42.41  0  0.963664  13.464  10.205  -0.990077  0.978218  -0.006075  extended
926  54.65  1  0.931680  13.271  10.465  -0.906299  1.041535  -0.013303  extended
927  54.69  1  0.940412  13.339  11.133  -0.944177  1.084029  -0.012825  extended
928  80.43  1  0.923222  13.807  10.720  -0.855645  1.097052  -0.019954  extended
929  87.71  1  0.942328  12.777  10.963  -0.899462  1.091437  -0.006572  extended
930  69.19  1  0.926870  13.013  10.578  -0.875659  1.090581  -0.011523  extended
931  62.62  1  0.926457  13.685  10.666  -0.958552  1.090372  -0.006169  extended
932  68.58  1  0.934472  13.547  9.986  -0.846925  1.017465  -0.007407  extended
933  84.67  1  0.925377  13.055  10.698  -0.847430  1.092629  -0.008469  extended
934  55.05  1  0.956189  14.077  9.983  -0.864030  1.029181  -0.020418  extended
935  52.01  1  0.952135  13.891  9.916  -0.869008  1.003519  -0.013720  extended
936  54.26  1  0.900887  13.609  9.803  -0.889746  1.049547  0.002695  extended
937  86.00  1  0.918595  12.862  8.830  -0.280105  0.899446  0.005324  S3_pocket
938  96.59  1  0.883863  12.896  8.362  -0.163860  0.854716  0.008931  S3_pocket
939  79.89  1  0.912922  12.875  8.544  -0.370989  0.914517  0.009171  S3_pocket
940  74.18  1  0.932052  13.705  8.344  -0.503997  0.876817  0.002510  S3_pocket
941  76.88  1  0.907531  13.340  8.683  -0.365092  0.913921  0.004855  S3_pocket
942  67.31  1  0.950806  13.442  9.874  -0.788358  0.942163  0.005363  extended
943  89.47  1  0.909999  12.970  10.288  -0.736300  1.042276  0.017587  extended
944  63.07  1  0.938638  12.783  10.511  -0.772370  0.988236  0.003136  extended
945  80.05  1  0.893350  12.987  11.183  -0.827545  1.072932  0.001317  extended
946  88.20  1  0.902058  13.120  11.736  -0.816226  1.136523  -0.009459  extended
947  49.05  0  0.884506  12.812  12.144  -0.911365  1.112614  -0.003076  extended
948  75.71  1  0.896166  12.810  11.990  -0.893938  1.175648  0.005552  extended
949  75.29  1  0.906128  12.854  11.801  -0.879353  1.172808  0.000463  extended
950  73.85  1  0.872814  13.061  11.323  -0.941183  1.121032  0.002579  extended
951  66.38  1  0.875929  12.346  11.091  -0.843282  1.118526  0.004855  extended
952  68.80  1  0.879688  12.739  11.474  -0.958049  1.149083  0.003272  extended
953  58.41  1  0.919511  13.447  10.785  -0.966826  1.128898  0.004375  extended
954  47.91  0  0.900083  13.071  11.408  -0.962113  1.190161  0.000394  extended
955  72.50  1  0.913628  12.671  10.819  -0.867506  1.117316  -0.005771  extended
956  64.02  1  0.888006  12.304  11.306  -0.899199  1.118410  0.000143  extended
957  97.43  1  0.900049  13.314  11.373  -0.843815  1.116928  -0.000761  extended
958  53.67  1  0.889029  12.841  11.899  -0.833502  1.147430  -0.005538  extended
959  60.33  1  0.941852  13.229  10.670  -0.938452  1.079447  -0.001787  extended
960  74.56  1  0.911999  12.504  11.287  -0.826399  1.091314  -0.005012  extended
961  65.74  1  0.897896  12.822  11.454  -0.853773  1.126752  -0.005779  extended
962  83.05  1  0.883000  13.040  11.933  -0.926778  1.207179  0.007674  extended
963  56.84  1  0.889338  12.982  11.825  -0.901463  1.161587  -0.002682  extended
964  64.45  1  0.913570  12.754  12.197  -0.895560  1.159930  -0.002908  extended
965  74.23  1  0.923125  13.297  12.038  -0.880393  1.135506  -0.005135  extended
966  80.98  1  0.892720  12.895  11.677  -0.763273  1.118752  -0.005808  extended
967  71.04  1  0.905718  13.082  10.673  -0.831243  1.083523  -0.001074  extended
968  71.94  1  0.913057  12.733  10.821  -0.887346  1.109181  0.006487  extended
969  69.32  1  0.919062  13.341  9.870  -0.764236  0.979483  0.005786  extended
970  79.13  1  0.909341  13.063  9.401  -0.584916  0.970977  0.011526  S3_pocket
971  70.02  1  0.928433  12.841  9.931  -0.627290  0.950991  0.000337  S3_pocket
972  75.03  1  0.889996  13.389  9.128  -0.562068  0.940391  0.001610  S3_pocket
973  87.50  1  0.926630  13.718  10.300  -0.840694  1.011878  -0.001250  extended
974  66.84  1  0.921254  13.136  12.188  -0.945506  1.178797  -0.014202  extended
975  77.84  1  0.920609  12.999  10.903  -0.766520  1.048202  -0.006872  extended
976  56.79  1  0.914479  13.171  11.739  -0.904506  1.123730  -0.014533  extended
977  94.66  1  0.902983  12.756  12.710  -0.886433  1.142743  -0.018776  extended
978  90.57  1  0.905651  13.002  11.714  -0.843322  1.120804  -0.005637  extended
979  89.84  1  0.895655  12.736  11.299  -0.651297  1.093028  -0.000152  extended
980  73.33  1  0.914982  13.168  11.218  -0.818737  1.091051  -0.009184  extended
981  51.90  1  0.944211  13.186  10.924  -0.929776  1.061512  -0.007346  extended
982  69.41  1  0.930798  13.032  10.396  -0.914276  1.053054  -0.022114  extended
983  55.45  1  0.931250  13.369  10.460  -0.957031  1.085810  -0.013100  extended
984  52.84  1  0.909661  13.618  11.255  -0.928483  1.094206  -0.005317  extended
985  65.21  1  0.898813  13.486  10.484  -0.916047  1.011412  -0.003175  extended
986  57.53  1  0.890322  13.966  11.145  -0.906064  1.102588  -0.015396  extended
987  56.67  1  0.925790  13.680  10.695  -0.936392  1.056058  -0.013638  extended
988  97.34  1  0.926637  12.822  9.655  -0.658153  0.913417  0.004804  S3_pocket
989  58.73  1  0.929005  13.573  10.455  -0.871363  1.005608  0.000570  extended
990  40.63  0  0.944364  13.594  10.283  -0.939416  1.047960  -0.017841  extended
991  82.29  1  0.915018  13.526  10.423  -0.894713  1.016624  -0.008301  extended
992  84.20  1  0.942899  13.366  9.201  -0.645155  0.928673  0.004775  S3_pocket
993  79.39  1  0.928488  12.966  10.610  -0.839362  1.041717  -0.013028  extended
994  62.26  1  0.953045  13.521  9.633  -0.888087  0.975290  -0.000873  extended
995  65.18  1  0.935366  13.276  9.083  -0.792814  0.927764  0.005263  extended
996  80.23  1  0.902310  13.228  11.034  -0.894134  1.065434  -0.010111  extended
997  67.18  1  0.878943  13.430  12.110  -0.926430  1.157566  -0.004530  extended
998  101.79  1  0.903372  13.004  11.385  -0.847155  1.126674  -0.001028  extended
999  67.11  1  0.918632  13.154  10.770  -0.849341  1.066231  -0.003377  extended
1000  89.88  1  0.900070  13.144  12.687  -0.925689  1.208513  -0.010716  extended
