# GMM n=4 pocket classification, T=35C
# Classes: S1_pocket, S3_pocket, surface, extended
# frame  chi2  chi2_state  wcn  d_S1  d_S3  M  dist_nm  Q_p  class
0  81.60  1  0.880995  11.116  8.059  -0.002783  0.595124  -0.016263  surface
1  -125.89  3  0.806343  11.760  11.522  -0.469140  0.979050  -0.004121  S3_pocket
2  -118.20  3  0.804953  11.640  11.528  -0.606333  1.060687  0.006571  S3_pocket
3  -130.90  3  0.827803  11.582  10.364  -0.562396  0.985919  -0.006576  S3_pocket
4  -118.73  3  0.800938  10.388  9.719  -0.637040  1.022621  -0.005296  S3_pocket
5  -117.58  3  0.850712  10.574  9.163  -0.711432  1.020890  -0.008065  S3_pocket
6  -107.16  3  0.849915  10.864  8.507  -0.779122  0.970817  -0.019701  S3_pocket
7  -110.12  3  0.880976  11.054  9.410  -0.479963  0.954541  -0.009048  S3_pocket
8  -124.18  3  0.871383  10.852  9.035  -0.419119  0.919477  -0.008060  S3_pocket
9  -136.43  3  0.919210  11.401  7.867  -0.343475  0.836021  -0.013387  S3_pocket
10  -100.08  3  0.834074  11.018  8.301  -0.739922  0.972917  -0.006348  S3_pocket
11  -121.51  3  0.858713  9.241  8.671  -0.671415  0.933598  -0.025133  S3_pocket
12  -140.83  3  0.855760  10.090  8.553  -0.601391  0.918582  -0.023239  S3_pocket
13  -119.07  3  0.857315  10.301  8.379  -0.747054  0.986558  -0.032338  S3_pocket
14  -114.25  3  0.873798  10.096  8.184  -0.772733  0.942175  -0.007001  S3_pocket
15  -124.93  3  0.838139  9.891  9.213  -0.729756  1.000346  -0.013206  S3_pocket
16  -132.04  3  0.887329  10.349  9.126  -0.462896  0.953513  -0.044589  S3_pocket
17  -124.24  3  0.922430  11.131  7.473  -0.488266  0.787198  -0.040254  S3_pocket
18  -121.30  3  0.887750  11.334  7.411  -0.396761  0.788489  -0.042772  S3_pocket
19  -123.71  3  0.915784  8.992  8.584  -0.606450  0.960222  -0.010692  S1_pocket
20  -98.23  3  0.885486  11.361  7.223  -0.682137  0.842336  -0.038858  S3_pocket
21  -129.77  3  0.858106  11.577  8.558  -0.561499  0.909214  -0.038092  S3_pocket
22  -133.23  3  0.893196  11.946  8.330  -0.326012  0.858085  -0.019106  S3_pocket
23  -127.05  3  0.865624  12.393  7.722  -0.627514  0.894144  -0.013739  S3_pocket
24  -126.22  3  0.874685  11.083  9.582  -0.607696  0.975417  -0.012374  S3_pocket
25  -125.80  3  0.888498  11.889  9.269  -0.455294  0.974085  -0.002532  S3_pocket
26  -106.07  3  0.898138  11.109  8.618  -0.739057  1.001229  0.001276  S3_pocket
27  -140.83  3  0.826550  11.183  9.860  -0.609582  1.004970  0.003439  S3_pocket
28  -92.94  3  0.865759  11.400  9.029  -0.768096  1.014285  -0.018379  S3_pocket
29  -115.02  3  0.873942  11.185  8.604  -0.672812  0.935696  -0.005946  S3_pocket
30  -133.23  3  0.891918  11.971  9.107  -0.572694  0.957385  -0.013129  S3_pocket
31  -127.24  3  0.876825  11.903  9.225  -0.564936  0.965103  0.002362  S3_pocket
32  -162.38  0  0.883915  10.887  8.654  -0.437392  0.925120  0.001493  S3_pocket
33  -106.70  3  0.891975  11.470  9.181  -0.435097  0.955604  -0.026583  S3_pocket
34  -117.95  3  0.884355  12.293  7.661  -0.603561  0.862566  -0.043277  S3_pocket
35  -101.35  3  0.900663  12.332  8.531  -0.695346  0.979557  -0.005192  S3_pocket
36  -132.41  3  0.869223  12.102  8.759  -0.502701  0.963981  -0.006336  S3_pocket
37  -121.67  3  0.881811  12.163  9.478  -0.711564  1.036134  0.001728  S3_pocket
38  -97.72  3  0.869212  11.959  9.170  -0.698906  0.987865  -0.000086  S3_pocket
39  -120.93  3  0.869363  11.898  9.255  -0.649312  1.004960  -0.003200  S3_pocket
40  -119.21  3  0.875496  11.522  9.558  -0.675669  1.054158  -0.012702  S3_pocket
41  -124.66  3  0.849867  11.907  9.101  -0.677885  1.026630  -0.002219  S3_pocket
42  -130.73  3  0.835895  12.170  9.383  -0.727438  1.021204  -0.018579  S3_pocket
43  -123.53  3  0.846753  11.752  9.423  -0.735333  1.028731  -0.014194  S3_pocket
44  -130.52  3  0.844620  11.563  11.462  -0.613851  1.105059  0.000461  S3_pocket
45  -107.79  3  0.841716  11.751  8.998  -0.755438  1.051857  -0.017237  S3_pocket
46  -134.21  3  0.853016  11.878  7.459  -0.604654  0.838136  -0.044840  S3_pocket
47  -102.74  3  0.876357  11.574  8.080  -0.735416  0.877742  -0.027945  S3_pocket
48  -100.70  3  0.838623  12.060  6.985  -0.632359  0.915078  -0.020205  S3_pocket
49  -118.31  3  0.862708  11.959  7.374  -0.675729  0.905504  -0.030180  S3_pocket
50  -134.99  3  0.837614  11.972  7.395  -0.573953  0.853053  -0.038988  S3_pocket
51  -108.26  3  0.897730  11.578  8.240  -0.616711  0.838604  -0.020624  S3_pocket
52  -100.59  3  0.872243  11.969  7.143  -0.675182  0.830229  -0.039505  S3_pocket
53  -146.27  3  0.910168  11.418  7.367  -0.535891  0.810221  -0.043213  S3_pocket
54  -105.87  3  0.897530  11.743  7.372  -0.737756  0.858226  -0.048722  S3_pocket
55  -132.80  3  0.887787  11.438  7.458  -0.655495  0.921902  -0.033934  S3_pocket
56  -108.25  3  0.849294  11.494  8.181  -0.909878  0.949968  -0.041775  S3_pocket
57  -148.66  3  0.937154  11.596  8.650  -0.608663  0.868777  -0.009167  S3_pocket
58  -128.76  3  0.928327  11.392  8.045  -0.597365  0.839208  -0.017577  S3_pocket
59  -112.70  3  0.888794  11.231  8.804  -0.694494  0.976895  0.002013  S3_pocket
60  -111.47  3  0.874273  11.033  9.281  -0.393471  0.949140  -0.003097  S3_pocket
61  -134.00  3  0.853543  10.621  9.050  -0.772434  1.028626  0.007609  S3_pocket
62  -102.41  3  0.901317  11.489  8.474  -0.693844  0.898106  -0.015751  S3_pocket
63  -122.80  3  0.904724  11.800  8.514  -0.793970  0.894194  0.005850  S3_pocket
64  -127.14  3  0.881590  11.482  9.228  -0.702754  0.910213  -0.003789  S3_pocket
65  -141.60  3  0.937732  11.548  8.219  -0.656661  0.807961  -0.011849  S3_pocket
66  -122.21  3  0.897259  11.778  7.771  -0.608469  0.780735  -0.026741  S3_pocket
67  -102.24  3  0.931812  11.449  8.738  -0.666164  0.876420  -0.015409  S3_pocket
68  -123.79  3  0.871516  10.842  9.449  -0.726333  0.966701  -0.013368  S3_pocket
69  -113.40  3  0.885214  11.928  8.462  -0.750710  0.919355  -0.022762  S3_pocket
70  -115.36  3  0.894916  11.624  9.244  -0.676399  0.941111  -0.010001  S3_pocket
71  -122.82  3  0.901597  11.161  8.713  -0.788235  0.938730  -0.010593  S3_pocket
72  -99.01  3  0.815119  11.099  8.381  -0.938861  1.039034  0.007705  S3_pocket
73  -126.30  3  0.887838  11.272  7.996  -0.714836  0.901074  -0.007118  S3_pocket
74  -110.15  3  0.857846  12.418  8.357  -0.729797  0.982623  -0.042338  S3_pocket
75  -129.21  3  0.884515  12.313  8.456  -0.694978  0.958824  -0.039392  S3_pocket
76  -138.47  3  0.913283  12.339  7.358  -0.412211  0.766980  -0.030134  S3_pocket
77  -136.07  3  0.885882  11.527  7.567  -0.633667  0.818082  -0.050272  S3_pocket
78  -98.24  3  0.952232  12.327  6.906  -0.582475  0.678315  -0.039042  S3_pocket
79  -118.70  3  0.933556  12.347  7.840  -0.418841  0.691810  -0.036696  S3_pocket
80  -102.94  3  0.915302  12.133  7.297  -0.682051  0.753121  -0.031270  S3_pocket
81  -119.44  3  0.811823  11.983  8.114  -0.933168  0.964465  -0.001223  S3_pocket
82  -118.21  3  0.848282  11.708  8.621  -0.852518  0.941067  -0.006312  S3_pocket
83  -124.36  3  0.963128  12.236  7.754  -0.405964  0.718795  -0.029388  S3_pocket
84  -129.75  3  0.923114  12.193  7.400  -0.546678  0.787615  -0.042856  S3_pocket
85  -134.71  3  0.898264  11.713  9.063  -0.619338  0.929906  0.003619  S3_pocket
86  -119.34  3  0.881355  11.704  8.129  -0.719298  0.873894  -0.047093  S3_pocket
87  -101.65  3  0.838405  11.265  8.489  -0.935919  0.946168  -0.002129  S3_pocket
88  -134.65  3  0.919132  12.059  7.526  -0.316018  0.699736  -0.027068  S3_pocket
89  -143.02  3  0.940188  12.118  7.572  -0.333780  0.744980  -0.040035  S3_pocket
90  -106.36  3  0.922869  12.042  7.496  -0.317136  0.763373  -0.038631  S3_pocket
91  -120.30  3  0.861003  11.110  8.876  -0.686811  0.894348  -0.000133  S3_pocket
92  -111.00  3  0.808408  11.179  8.644  -0.820658  1.011333  0.001944  S3_pocket
93  -104.66  3  0.879960  10.970  7.499  -0.757581  0.891356  -0.008080  S3_pocket
94  -102.23  3  0.862282  10.819  8.412  -0.694618  0.865999  -0.007856  S3_pocket
95  -119.12  3  0.865020  11.326  7.947  -0.729018  0.913712  -0.007562  S3_pocket
96  -95.96  3  0.852027  11.284  8.445  -0.933974  0.921523  0.005686  S3_pocket
97  -115.84  3  0.919697  11.977  7.886  -0.617555  0.805398  -0.031575  S3_pocket
98  -124.54  3  0.941488  11.623  7.761  -0.490952  0.738389  -0.027837  S3_pocket
99  -117.27  3  0.915407  11.739  7.189  -0.393992  0.772530  -0.033604  S3_pocket
100  -107.12  3  0.926581  11.912  7.969  -0.425415  0.702856  -0.033450  S3_pocket
101  -134.59  3  0.907921  11.815  7.727  -0.535934  0.777146  -0.041442  S3_pocket
102  -88.76  2  0.891728  12.016  7.806  -0.738667  0.794768  -0.021422  S3_pocket
103  -139.94  3  0.865189  11.659  8.128  -0.505175  0.801918  -0.031712  S3_pocket
104  -110.52  3  0.927494  11.853  7.644  -0.331279  0.710531  -0.029635  S3_pocket
105  -112.71  3  0.947419  11.675  7.549  -0.447466  0.704163  -0.037350  S3_pocket
106  -107.66  3  0.885139  11.417  8.372  -0.719782  0.804600  -0.041036  S3_pocket
107  -118.32  3  0.877618  11.163  9.013  -0.536278  0.846036  -0.018428  S3_pocket
108  -135.92  3  0.909386  11.510  7.864  -0.633863  0.806809  -0.028858  S3_pocket
109  -119.15  3  0.869077  10.855  7.947  -0.736857  0.872527  -0.017231  S3_pocket
110  -130.89  3  0.896321  11.665  7.445  -0.690736  0.779540  -0.031326  S3_pocket
111  -122.01  3  0.956809  11.851  7.978  -0.242773  0.713164  -0.042949  S3_pocket
112  -120.94  3  0.936679  11.892  7.649  -0.430312  0.753844  -0.046282  S3_pocket
113  -126.93  3  0.944253  11.195  7.924  -0.428507  0.818059  -0.036506  S3_pocket
114  -149.04  3  0.916468  11.315  6.818  -0.519583  0.804806  -0.038457  S3_pocket
115  -114.57  3  0.853043  11.524  8.372  -0.686388  0.930405  -0.016294  S3_pocket
116  -97.03  3  0.859759  11.831  7.197  -0.863714  0.919427  -0.028282  S3_pocket
117  -114.91  3  0.871232  11.336  7.290  -0.780071  0.889474  -0.036714  S3_pocket
118  -109.17  3  0.836198  11.090  8.216  -0.733733  1.000185  0.003253  S3_pocket
119  -113.98  3  0.841942  10.845  8.847  -0.894893  1.019121  -0.017430  S3_pocket
120  -80.59  2  0.869689  12.035  8.115  -0.866156  0.918160  -0.028609  S3_pocket
121  -132.53  3  0.843787  11.738  8.212  -0.896653  0.982321  -0.009397  S3_pocket
122  -119.87  3  0.883663  12.147  8.093  -0.757563  0.896884  -0.034117  S3_pocket
123  -134.52  3  0.867665  11.380  8.206  -0.577123  0.886130  -0.040950  S3_pocket
124  -136.47  3  0.842179  11.185  8.109  -0.708602  0.906290  -0.006137  S3_pocket
125  -110.88  3  0.882166  11.145  7.537  -0.769428  0.898216  -0.038497  S3_pocket
126  -107.72  3  0.875648  12.105  7.631  -0.818135  0.905543  -0.031698  S3_pocket
127  -123.86  3  0.873450  11.931  8.171  -0.708435  0.897006  -0.028595  S3_pocket
128  -101.75  3  0.852725  11.117  7.987  -0.838293  1.013546  -0.032413  S3_pocket
129  -102.65  3  0.885551  12.162  7.905  -0.759821  0.972852  -0.040296  S3_pocket
130  -107.33  3  0.841200  12.073  8.091  -0.826134  1.029940  -0.016988  S3_pocket
131  -105.03  3  0.875120  11.499  8.504  -0.801130  1.087420  -0.021101  S3_pocket
132  -97.49  3  0.850057  12.184  9.351  -0.758553  1.093066  -0.017874  S3_pocket
133  -108.40  3  0.839883  11.977  8.622  -0.896113  1.098859  -0.029513  S3_pocket
134  -107.73  3  0.863160  11.980  9.018  -0.869067  1.051698  -0.013633  S3_pocket
135  -95.70  3  0.801283  12.217  9.014  -0.950628  1.160894  -0.001437  S3_pocket
136  -96.74  3  0.828298  11.827  9.045  -0.882744  1.025054  -0.016176  S3_pocket
137  -93.89  3  0.878457  12.535  8.228  -0.862628  0.981018  -0.011002  S3_pocket
138  -114.17  3  0.798228  11.071  9.413  -0.794523  1.100360  -0.012117  S3_pocket
139  -106.20  3  0.835729  11.306  9.458  -0.844625  1.120179  0.008084  S3_pocket
140  -101.00  3  0.870999  12.195  8.792  -0.709777  1.002038  -0.027461  S3_pocket
141  -121.58  3  0.846744  11.638  9.292  -0.723929  1.102120  -0.031871  S3_pocket
142  -104.16  3  0.853926  12.079  8.202  -0.791602  1.039139  -0.020614  S3_pocket
143  -78.83  2  0.861432  11.512  8.522  -0.903644  1.077857  -0.019906  S3_pocket
144  -105.50  3  0.883872  11.888  9.120  -0.654503  0.978568  -0.020952  S3_pocket
145  -94.64  3  0.890948  11.722  8.507  -0.898106  1.014013  -0.026046  S3_pocket
146  -107.88  3  0.887229  11.444  8.765  -0.802401  0.978990  -0.029294  S3_pocket
147  -95.29  3  0.889447  12.086  8.843  -0.784332  0.948219  -0.019564  S3_pocket
148  -105.85  3  0.888020  11.592  8.484  -0.731768  0.981015  -0.020561  S3_pocket
149  -109.35  3  0.841277  12.028  8.240  -0.769212  0.971456  -0.022028  S3_pocket
150  -93.84  3  0.845309  12.662  9.445  -0.857229  0.965099  -0.004266  S3_pocket
151  -115.33  3  0.865367  12.061  9.496  -0.830154  0.991172  -0.010975  S3_pocket
152  -82.93  2  0.899563  11.779  8.743  -0.954504  0.923904  -0.025472  S3_pocket
153  -117.09  3  0.816409  11.278  10.410  -0.870876  1.071915  0.009437  S3_pocket
154  -98.33  3  0.825867  11.189  9.661  -0.842707  1.025848  -0.002964  S3_pocket
155  -104.98  3  0.846133  12.220  8.733  -0.818773  0.938541  -0.016067  S3_pocket
156  -106.80  3  0.865279  11.680  7.819  -0.746637  0.865519  -0.039310  S3_pocket
157  -132.08  3  0.752767  11.763  9.643  -0.902133  1.120311  -0.017946  S3_pocket
158  -119.31  3  0.790803  10.792  8.530  -0.830561  1.043589  -0.006604  S3_pocket
159  -95.37  3  0.850176  11.791  9.056  -0.761819  0.899808  -0.004582  S3_pocket
160  -98.38  3  0.781961  11.572  9.435  -0.911025  1.053106  0.007700  S3_pocket
161  -110.00  3  0.885450  11.309  8.345  -0.681571  0.860779  -0.012635  S3_pocket
162  -127.04  3  0.846633  12.176  8.135  -0.690195  0.909691  -0.045974  S3_pocket
163  -107.77  3  0.875410  11.396  8.320  -0.646237  0.901716  -0.046587  S3_pocket
164  -112.56  3  0.821159  11.376  9.250  -0.832941  1.082958  -0.007517  S3_pocket
165  -112.60  3  0.890241  12.021  9.300  -0.638138  0.934133  -0.004645  S3_pocket
166  -117.09  3  0.872830  11.201  9.189  -0.766587  1.047049  0.000991  S3_pocket
167  -131.41  3  0.890555  11.210  9.952  -0.529109  0.957805  -0.000345  S3_pocket
168  -104.68  3  0.912125  10.116  9.982  -0.645316  0.963314  -0.009686  S3_pocket
169  -122.22  3  0.869366  11.150  9.710  -0.601994  0.965126  0.005905  S3_pocket
170  -144.84  3  0.880256  10.589  9.946  -0.581270  0.986195  -0.002088  S3_pocket
171  -119.74  3  0.877565  10.659  8.395  -0.619841  0.883797  -0.031945  S3_pocket
172  -127.18  3  0.868452  10.868  8.388  -0.754827  0.922156  -0.021796  S3_pocket
173  -116.35  3  0.866452  10.541  9.522  -0.645407  0.946863  -0.007291  S3_pocket
174  -128.36  3  0.866855  10.552  10.074  -0.731950  1.005001  -0.002388  S3_pocket
175  -95.13  3  0.873972  10.877  9.420  -0.777916  0.997164  -0.006910  S3_pocket
176  -136.57  3  0.896024  11.419  8.603  -0.571172  0.929084  -0.023409  S3_pocket
177  -111.14  3  0.891155  10.462  8.777  -0.628470  0.963086  -0.004456  S3_pocket
178  -130.85  3  0.899137  10.399  9.338  -0.702018  0.933262  -0.009977  S3_pocket
179  -124.85  3  0.918108  10.632  8.625  -0.662797  0.915936  -0.008329  S3_pocket
180  -97.48  3  0.883115  10.545  9.301  -0.702934  0.994033  -0.006549  S3_pocket
181  -113.37  3  0.835688  10.161  9.691  -0.767141  1.001849  0.002299  S3_pocket
182  -125.03  3  0.873813  11.301  8.312  -0.686493  0.901204  -0.018856  S3_pocket
183  -112.73  3  0.900615  11.069  8.689  -0.628814  0.856786  -0.008424  S3_pocket
184  -149.53  3  0.902952  10.954  8.662  -0.501818  0.873899  -0.007262  S3_pocket
185  -150.67  3  0.864800  10.563  8.931  -0.681602  0.920812  0.003828  S3_pocket
186  -123.58  3  0.871195  10.639  8.708  -0.677802  0.894745  -0.016029  S3_pocket
187  -151.14  3  0.910277  10.800  8.378  -0.652247  0.839785  -0.030866  S3_pocket
188  -116.92  3  0.895708  10.778  8.249  -0.626171  0.903262  -0.048406  S3_pocket
189  -123.21  3  0.872160  10.278  9.130  -0.733109  0.962644  -0.006701  S3_pocket
190  -107.37  3  0.877517  10.397  8.362  -0.711729  0.890239  -0.034450  S3_pocket
191  -131.31  3  0.871879  10.855  9.069  -0.620368  0.947019  -0.010474  S3_pocket
192  -113.69  3  0.848479  10.749  8.082  -0.743140  0.977944  -0.046119  S3_pocket
193  -133.60  3  0.863411  10.051  9.058  -0.720518  0.986858  -0.003978  S3_pocket
194  -115.87  3  0.864378  10.912  8.243  -0.647659  0.882947  -0.001235  S3_pocket
195  -126.13  3  0.863692  10.258  9.006  -0.721283  0.942448  -0.007656  S3_pocket
196  -117.22  3  0.859938  10.675  8.837  -0.593968  0.931847  -0.033088  S3_pocket
197  -122.23  3  0.823266  10.715  8.620  -0.737778  0.944116  -0.014909  S3_pocket
198  -120.32  3  0.875852  10.922  7.916  -0.621608  0.910772  -0.013748  S3_pocket
199  -121.08  3  0.834336  11.424  8.171  -0.776198  0.906836  -0.004815  S3_pocket
200  -131.02  3  0.840414  10.296  9.343  -0.769646  1.005121  -0.010363  S3_pocket
201  -117.97  3  0.829217  10.442  8.648  -0.667945  0.955534  0.001879  S3_pocket
202  -104.76  3  0.838284  10.324  8.658  -0.775294  0.983563  -0.006500  S3_pocket
203  -107.84  3  0.864252  10.808  9.010  -0.864367  1.038804  -0.016350  S3_pocket
204  -113.51  3  0.919950  10.883  8.722  -0.575265  0.869303  -0.015449  S3_pocket
205  -128.21  3  0.894500  9.951  8.360  -0.611187  0.906162  -0.020358  S3_pocket
206  -107.45  3  0.859498  10.427  8.587  -0.605685  0.950702  -0.007611  S3_pocket
207  -132.69  3  0.852548  10.973  9.389  -0.677478  0.995399  0.001392  S3_pocket
208  -122.00  3  0.881946  11.164  9.073  -0.599406  0.937312  -0.005192  S3_pocket
209  -112.44  3  0.928008  11.044  9.070  -0.622392  0.927148  -0.005961  S3_pocket
210  -129.87  3  0.914154  11.862  7.655  -0.489816  0.780179  -0.026096  S3_pocket
211  -125.46  3  0.880006  11.082  9.129  -0.541927  0.923899  -0.007416  S3_pocket
212  -125.47  3  0.925912  12.591  7.897  -0.585485  0.799624  -0.027418  S3_pocket
213  -133.98  3  0.913145  11.189  8.938  -0.608037  0.879595  -0.008446  S3_pocket
214  -125.92  3  0.858652  10.811  9.403  -0.534037  0.949699  -0.008581  S3_pocket
215  -115.48  3  0.851365  11.100  9.072  -0.747040  0.893371  -0.003685  S3_pocket
216  -117.83  3  0.881469  10.946  8.262  -0.806030  0.905398  0.003673  S3_pocket
217  -117.73  3  0.874926  11.012  8.569  -0.545566  0.856429  -0.028761  S3_pocket
218  -116.34  3  0.881019  11.362  8.571  -0.675541  0.848924  -0.017637  S3_pocket
219  -118.44  3  0.926301  11.070  8.389  -0.337211  0.766901  -0.039719  S3_pocket
220  -100.31  3  0.916795  11.535  9.024  -0.640790  0.912465  -0.028477  S3_pocket
221  -139.25  3  0.870117  10.549  8.952  -0.685955  0.845575  -0.004697  S3_pocket
222  114.74  1  0.817876  10.203  9.991  -0.919590  0.974532  0.003414  S3_pocket
223  107.49  1  0.644812  6.194  14.271  -0.854839  1.409774  -0.008648  S1_pocket
224  113.71  1  0.708584  6.134  13.895  -0.882300  1.299309  -0.010809  S1_pocket
225  77.31  1  0.759178  7.123  12.521  -0.903858  1.250077  -0.018710  S1_pocket
226  108.67  1  0.783332  7.981  11.675  -0.954203  1.188539  -0.002865  S1_pocket
227  116.91  1  0.752222  6.780  12.826  -0.962028  1.308175  -0.022920  S1_pocket
228  128.71  1  0.711184  6.389  13.253  -0.897027  1.457162  -0.017257  S1_pocket
229  116.17  1  0.744747  6.467  13.210  -0.909668  1.393467  -0.023436  S1_pocket
230  96.12  1  0.819813  9.392  9.964  -0.900502  1.056968  -0.009487  S3_pocket
231  115.58  1  0.756900  9.340  10.638  -0.933474  1.196924  -0.002256  S3_pocket
232  122.06  1  0.729620  9.613  10.873  -0.939510  1.243983  -0.002944  S3_pocket
233  100.90  1  0.834709  9.464  9.369  -0.865821  1.028825  0.003442  S3_pocket
234  121.56  1  0.790630  8.482  11.082  -0.917517  1.164241  -0.004914  S1_pocket
235  116.88  1  0.789986  8.978  10.344  -0.871131  1.066661  0.003765  S3_pocket
236  93.56  1  0.785888  8.861  10.790  -0.990395  1.090923  0.005172  S3_pocket
237  119.64  1  0.833367  6.811  14.728  -0.721415  1.279337  -0.020283  S1_pocket
238  114.59  1  0.758594  6.859  13.756  -0.898649  1.293548  -0.009825  S1_pocket
239  110.02  1  0.798028  6.875  13.546  -0.712094  1.251392  -0.008101  S1_pocket
240  121.88  1  0.770289  6.507  14.589  -0.772036  1.295144  -0.009946  S1_pocket
241  112.10  1  0.774162  6.736  13.367  -0.735449  1.273705  -0.022597  S1_pocket
242  99.32  1  0.822069  7.415  14.700  -0.816480  1.281929  -0.011966  S1_pocket
243  130.30  1  0.781000  6.838  13.211  -0.751626  1.250380  -0.007630  S1_pocket
244  129.01  1  0.772454  5.990  16.251  -0.297620  1.379883  -0.009787  S1_pocket
245  138.27  1  0.787532  5.936  15.185  -0.446051  1.336686  -0.020701  S1_pocket
246  131.74  1  0.843921  6.558  15.128  -0.273427  1.314871  -0.016044  S1_pocket
247  133.61  1  0.814778  6.154  15.306  -0.650266  1.365953  -0.008778  S1_pocket
248  131.68  1  0.794294  6.576  15.543  -0.334525  1.351731  -0.011211  S1_pocket
249  111.66  1  0.834584  6.356  15.073  -0.396140  1.302164  -0.018670  S1_pocket
250  127.88  1  0.810130  6.653  14.560  -0.643902  1.284315  -0.020433  S1_pocket
251  107.78  1  0.823490  7.220  12.907  -0.610904  1.172102  -0.013275  S1_pocket
252  119.50  1  0.845338  6.768  13.518  -0.578597  1.223768  -0.023905  S1_pocket
253  126.15  1  0.822249  6.803  14.126  -0.495712  1.264094  -0.029637  S1_pocket
254  96.75  1  0.823491  7.470  13.763  -0.722662  1.252519  -0.001616  S1_pocket
255  125.56  1  0.841226  6.636  13.981  -0.680009  1.248020  -0.025727  S1_pocket
256  121.73  1  0.808548  6.346  14.260  -0.516961  1.256190  -0.013922  S1_pocket
257  120.76  1  0.828334  6.929  14.133  -0.653183  1.293404  -0.016740  S1_pocket
258  136.53  1  0.835625  6.995  14.532  -0.565262  1.307219  -0.018657  S1_pocket
259  133.67  1  0.801596  6.737  15.478  -0.561758  1.345048  -0.016060  S1_pocket
260  110.92  1  0.824617  7.059  13.876  -0.727003  1.257852  -0.012042  S1_pocket
261  130.87  1  0.841518  7.072  13.992  -0.366123  1.218443  -0.019581  S1_pocket
262  126.32  1  0.820439  6.765  14.755  -0.577308  1.290462  -0.006928  S1_pocket
263  140.22  1  0.813496  6.585  15.797  -0.403779  1.321860  -0.010401  S1_pocket
264  134.67  1  0.797484  6.349  15.230  -0.777429  1.328307  -0.022660  S1_pocket
265  110.88  1  0.802210  7.021  13.879  -0.770692  1.212638  -0.018478  S1_pocket
266  125.13  1  0.854483  7.133  13.225  -0.377719  1.213933  -0.017005  S1_pocket
267  123.98  1  0.869958  7.197  12.968  -0.498015  1.196436  -0.025340  S1_pocket
268  110.88  1  0.856381  7.086  13.412  -0.428742  1.200822  -0.017977  S1_pocket
269  124.62  1  0.808231  6.408  14.728  0.070395  1.292726  -0.026434  S1_pocket
270  96.85  1  0.861227  7.463  13.087  -0.444591  1.222068  -0.031370  S1_pocket
271  116.77  1  0.866504  7.195  13.236  -0.437943  1.246040  -0.023964  S1_pocket
272  112.27  1  0.847668  6.253  14.413  -0.123811  1.258978  -0.028156  S1_pocket
273  119.66  1  0.836068  6.897  13.129  -0.410333  1.247220  -0.017253  S1_pocket
274  90.39  1  0.844426  7.828  12.506  -0.611795  1.201359  -0.014772  S1_pocket
275  111.98  1  0.857795  7.301  12.317  -0.660222  1.186114  -0.019541  S1_pocket
276  116.77  1  0.858006  7.180  12.812  -0.443853  1.220858  -0.024200  S1_pocket
277  116.10  1  0.874072  7.262  13.033  -0.319618  1.159079  -0.022289  S1_pocket
278  120.86  1  0.838817  6.816  12.411  -0.279366  1.129373  -0.016611  S1_pocket
279  105.08  1  0.874838  7.582  11.589  -0.657367  1.131065  -0.005902  S1_pocket
280  124.76  1  0.864417  7.751  12.047  -0.458949  1.133799  -0.007130  S1_pocket
281  108.07  1  0.851075  7.116  12.448  -0.456248  1.183040  -0.021406  S1_pocket
282  102.02  1  0.842167  7.824  11.932  -0.636590  1.152505  -0.021868  S1_pocket
283  125.53  1  0.852893  6.623  13.180  -0.306511  1.198826  -0.022969  S1_pocket
284  111.48  1  0.882011  7.298  11.722  -0.595689  1.150423  -0.021059  S1_pocket
285  121.18  1  0.879949  6.689  12.776  -0.315092  1.146354  -0.024438  S1_pocket
286  101.66  1  0.896049  7.347  11.802  -0.621070  1.121727  -0.003015  S1_pocket
287  112.54  1  0.852460  6.938  13.604  -0.255803  1.182096  -0.027196  S1_pocket
288  117.71  1  0.903106  7.471  11.459  -0.597037  1.075920  -0.010708  S1_pocket
289  131.16  1  0.857910  7.269  12.584  -0.364759  1.157562  -0.007946  S1_pocket
290  114.50  1  0.864302  7.038  13.354  -0.257387  1.214477  -0.022776  S1_pocket
291  107.37  1  0.834098  6.935  13.734  -0.342497  1.249184  -0.016487  S1_pocket
292  115.95  1  0.846289  7.368  12.221  -0.632503  1.188520  -0.008621  S1_pocket
293  123.78  1  0.871197  7.117  12.673  -0.466637  1.255233  -0.005587  S1_pocket
294  118.28  1  0.866686  7.620  11.310  -0.554638  1.165106  -0.006232  S1_pocket
295  105.49  1  0.866436  7.479  11.554  -0.533594  1.151923  -0.001884  S1_pocket
296  126.13  1  0.849058  7.122  12.340  -0.491759  1.196029  -0.014446  S1_pocket
297  127.82  1  0.836078  6.814  12.615  -0.363315  1.210549  -0.023133  S1_pocket
298  118.66  1  0.852803  7.218  12.849  -0.326349  1.171190  -0.024094  S1_pocket
299  113.05  1  0.847613  6.720  13.879  -0.206642  1.255174  -0.023948  S1_pocket
300  120.81  1  0.849339  6.730  12.667  -0.356233  1.201593  -0.024564  S1_pocket
301  107.88  1  0.837690  6.520  13.364  -0.215361  1.238947  -0.016797  S1_pocket
302  117.25  1  0.848416  6.721  13.057  -0.239391  1.182445  -0.022995  S1_pocket
303  133.69  1  0.812460  6.138  14.043  -0.069995  1.239650  -0.018518  S1_pocket
304  88.40  1  0.841186  6.576  13.390  -0.244694  1.195388  -0.007544  S1_pocket
305  128.83  1  0.824342  6.671  13.099  -0.404942  1.232385  -0.011272  S1_pocket
306  128.13  1  0.818122  6.252  14.246  -0.246797  1.306088  -0.008206  S1_pocket
307  134.03  1  0.818590  6.204  13.916  -0.266623  1.207020  -0.014232  S1_pocket
308  123.83  1  0.797312  6.965  13.582  -0.123472  1.206313  -0.009823  S1_pocket
309  132.35  1  0.805330  6.258  13.366  -0.115152  1.235206  -0.021204  S1_pocket
310  129.95  1  0.796178  6.225  13.377  0.084733  1.227698  -0.025418  S1_pocket
311  113.45  1  0.827493  6.448  14.282  -0.326250  1.287142  -0.016016  S1_pocket
312  130.52  1  0.809111  6.462  14.167  -0.105260  1.298296  -0.014873  S1_pocket
313  127.26  1  0.821841  6.356  13.620  -0.116431  1.256933  -0.012369  S1_pocket
314  126.65  1  0.812357  7.043  13.315  -0.388243  1.250200  -0.015253  S1_pocket
315  125.05  1  0.820635  6.167  13.837  -0.311328  1.263708  -0.016000  S1_pocket
316  134.31  1  0.812727  6.845  13.426  -0.059093  1.235250  -0.006661  S1_pocket
317  103.23  1  0.858952  6.348  13.062  -0.061204  1.194868  -0.021315  S1_pocket
318  110.83  1  0.816453  6.509  15.050  -0.258608  1.387853  -0.023231  S1_pocket
319  131.72  1  0.795797  6.306  12.894  -0.212894  1.244015  -0.013185  S1_pocket
320  135.56  1  0.826026  6.355  12.396  -0.273730  1.267918  -0.025690  S1_pocket
321  133.86  1  0.794396  6.164  14.136  0.139322  1.289615  -0.027172  S1_pocket
322  120.44  1  0.842725  6.634  11.624  -0.588388  1.226672  -0.012266  S1_pocket
323  122.43  1  0.843572  6.479  13.026  -0.379967  1.264530  -0.012530  S1_pocket
324  115.49  1  0.841224  6.808  12.785  -0.571081  1.264071  -0.013926  S1_pocket
325  117.00  1  0.843922  6.123  13.817  -0.084137  1.248219  -0.014198  S1_pocket
326  119.84  1  0.822287  6.344  12.586  -0.288388  1.229014  -0.018929  S1_pocket
327  133.09  1  0.797627  5.770  12.850  -0.109393  1.237167  -0.014989  S1_pocket
328  108.92  1  0.844276  7.136  12.973  -0.481938  1.202540  -0.009819  S1_pocket
329  99.05  1  0.852568  7.168  11.979  -0.646571  1.182176  -0.015430  S1_pocket
330  131.92  1  0.842727  7.092  12.830  -0.374673  1.206699  -0.020721  S1_pocket
331  116.98  1  0.829080  6.475  13.169  -0.267982  1.248350  -0.022364  S1_pocket
332  114.08  1  0.844785  6.980  13.256  0.020076  1.182085  -0.018111  S1_pocket
333  121.51  1  0.822224  6.484  12.219  -0.355225  1.214568  -0.022881  S1_pocket
334  115.56  1  0.833989  7.389  12.542  -0.384381  1.168287  -0.005499  S1_pocket
335  115.34  1  0.840135  6.843  12.849  -0.277619  1.230287  -0.007589  S1_pocket
336  127.33  1  0.852533  7.026  12.662  -0.391261  1.207719  -0.027835  S1_pocket
337  121.50  1  0.849308  6.745  12.936  -0.425923  1.185815  -0.016103  S1_pocket
338  111.77  1  0.833434  6.457  14.112  -0.073044  1.250512  -0.013787  S1_pocket
339  128.94  1  0.820391  6.240  13.562  -0.144775  1.238234  -0.012569  S1_pocket
340  143.26  1  0.834268  6.069  13.864  0.073237  1.239885  -0.016077  S1_pocket
341  104.39  1  0.849668  7.222  13.131  -0.421154  1.205334  -0.019703  S1_pocket
342  116.28  1  0.845630  6.772  13.072  -0.139711  1.249247  -0.011539  S1_pocket
343  128.67  1  0.851821  6.504  13.130  -0.180624  1.257995  -0.012181  S1_pocket
344  129.98  1  0.845419  6.497  13.028  -0.121629  1.245489  -0.013680  S1_pocket
345  124.67  1  0.871114  8.042  12.853  -0.127309  1.211369  0.000351  S1_pocket
346  138.85  1  0.852600  6.375  13.849  -0.046430  1.287580  -0.011370  S1_pocket
347  137.90  1  0.853480  7.330  12.072  -0.316223  1.193950  -0.013239  S1_pocket
348  124.58  1  0.830250  6.735  13.090  -0.248330  1.256513  -0.010502  S1_pocket
349  117.33  1  0.847864  6.603  13.011  -0.048477  1.220413  -0.017373  S1_pocket
350  122.09  1  0.821358  6.682  13.980  0.026093  1.294420  -0.017761  S1_pocket
351  116.24  1  0.840743  6.512  13.875  -0.104004  1.275035  -0.019988  S1_pocket
352  128.54  1  0.817012  6.602  13.771  0.036548  1.271841  -0.026792  S1_pocket
353  125.52  1  0.807332  7.177  13.427  -0.163879  1.275285  -0.019765  S1_pocket
354  104.28  1  0.836996  7.538  12.253  -0.539094  1.225585  0.002048  S1_pocket
355  126.08  1  0.852658  7.098  12.420  -0.258025  1.241629  -0.010294  S1_pocket
356  105.30  1  0.876216  7.320  12.280  -0.385004  1.183113  -0.013162  S1_pocket
357  99.30  1  0.814571  6.986  12.840  -0.452081  1.228735  -0.019126  S1_pocket
358  119.10  1  0.819077  6.652  13.097  -0.370408  1.235571  -0.011883  S1_pocket
359  123.93  1  0.838062  5.981  13.268  -0.056930  1.215467  -0.013089  S1_pocket
360  105.23  1  0.833389  6.362  13.237  -0.107608  1.231924  -0.016607  S1_pocket
361  119.89  1  0.830856  6.811  11.974  -0.458553  1.170136  -0.019726  S1_pocket
362  121.07  1  0.825989  6.312  13.005  -0.345172  1.232189  -0.021391  S1_pocket
363  105.73  1  0.846803  7.079  12.442  -0.443006  1.183911  -0.017987  S1_pocket
364  116.01  1  0.837006  7.519  12.361  -0.257699  1.173423  -0.010483  S1_pocket
365  108.78  1  0.839098  6.715  12.417  -0.308023  1.214481  -0.015212  S1_pocket
366  111.30  1  0.833610  6.329  14.459  -0.092839  1.230636  -0.015455  S1_pocket
367  151.06  0  0.803203  6.406  13.415  0.165447  1.214280  -0.014979  S1_pocket
368  119.20  1  0.835642  6.556  12.948  -0.272114  1.188961  -0.017708  S1_pocket
369  123.88  1  0.799585  6.178  14.018  0.074319  1.242911  -0.008852  S1_pocket
370  106.91  1  0.837571  6.501  12.232  -0.365608  1.158687  -0.022351  S1_pocket
371  108.20  1  0.834794  6.058  13.235  -0.295241  1.217015  -0.012599  S1_pocket
372  114.80  1  0.847565  6.109  13.941  -0.014257  1.270829  -0.022318  S1_pocket
373  126.63  1  0.859318  6.516  12.693  -0.413645  1.215635  -0.021543  S1_pocket
374  127.76  1  0.876052  6.481  12.362  -0.331504  1.157696  -0.017333  S1_pocket
375  111.17  1  0.845946  6.651  12.637  -0.229982  1.198964  -0.017333  S1_pocket
376  103.33  1  0.828690  7.321  12.689  -0.437230  1.218629  -0.023046  S1_pocket
377  116.48  1  0.851888  6.548  12.781  -0.303300  1.199664  -0.022931  S1_pocket
378  136.02  1  0.839650  6.260  13.220  -0.177140  1.223897  -0.022744  S1_pocket
379  148.50  1  0.828690  6.926  12.762  -0.182410  1.202190  -0.022592  S1_pocket
380  124.91  1  0.849422  6.554  12.772  -0.209276  1.263110  -0.019314  S1_pocket
381  135.08  1  0.836534  6.591  13.336  -0.273944  1.272458  -0.004648  S1_pocket
382  125.90  1  0.826379  7.259  12.055  -0.576879  1.225020  0.007056  S1_pocket
383  121.39  1  0.858168  7.195  12.786  -0.462456  1.268990  -0.017605  S1_pocket
384  124.97  1  0.856619  6.796  12.425  -0.423631  1.227960  -0.019739  S1_pocket
385  133.96  1  0.853059  6.982  11.935  -0.382690  1.170823  -0.012007  S1_pocket
386  115.47  1  0.804353  6.733  12.501  -0.438517  1.267534  -0.018291  S1_pocket
387  125.28  1  0.787497  6.507  12.962  -0.228905  1.286916  -0.014778  S1_pocket
388  115.38  1  0.820661  6.328  13.057  -0.175680  1.218693  -0.011690  S1_pocket
389  114.62  1  0.843522  6.310  13.585  -0.106530  1.231893  -0.016589  S1_pocket
390  133.05  1  0.823799  6.836  13.771  0.036454  1.239161  -0.007810  S1_pocket
391  124.69  1  0.843050  6.841  12.329  -0.325296  1.195462  -0.030882  S1_pocket
392  104.72  1  0.864762  7.024  12.708  -0.123073  1.150441  -0.018349  S1_pocket
393  127.09  1  0.827188  6.584  12.967  -0.313870  1.247183  -0.022747  S1_pocket
394  123.04  1  0.855792  6.597  11.328  -0.469197  1.116038  -0.010478  S1_pocket
395  117.37  1  0.877381  7.156  11.120  -0.417293  1.097758  -0.013220  S1_pocket
396  119.67  1  0.870473  7.730  12.206  -0.326594  1.154907  -0.011068  S1_pocket
397  127.31  1  0.835072  7.011  12.780  -0.329608  1.173876  -0.010884  S1_pocket
398  123.68  1  0.884475  7.041  12.715  -0.314696  1.144670  -0.023185  S1_pocket
399  119.97  1  0.858758  6.679  13.057  -0.424949  1.141060  -0.017576  S1_pocket
400  106.90  1  0.854573  7.403  12.073  -0.389353  1.109486  -0.016682  S1_pocket
401  123.74  1  0.858422  6.706  13.323  -0.321383  1.229283  -0.016167  S1_pocket
402  113.70  1  0.833870  6.569  11.991  -0.552092  1.149836  -0.027456  S1_pocket
403  115.91  1  0.874201  7.299  11.403  -0.549063  1.095707  -0.010031  S1_pocket
404  126.62  1  0.861682  6.971  13.258  -0.112166  1.112079  -0.017726  S1_pocket
405  116.42  1  0.863246  6.209  13.279  -0.114360  1.141131  -0.013138  S1_pocket
406  135.29  1  0.883053  7.377  12.510  -0.113273  1.096946  -0.015467  S1_pocket
407  123.00  1  0.874696  7.142  12.827  -0.296598  1.104063  -0.005880  S1_pocket
408  124.08  1  0.864649  6.580  13.120  -0.277541  1.154900  -0.023033  S1_pocket
409  133.55  1  0.817393  6.251  13.627  -0.123291  1.172711  -0.006170  S1_pocket
410  135.07  1  0.909376  7.609  12.855  -0.380554  1.109854  -0.003366  S1_pocket
411  122.47  1  0.832567  6.289  13.196  -0.443602  1.230114  -0.012866  S1_pocket
412  116.21  1  0.904909  7.993  11.526  -0.495545  1.078559  -0.015919  S1_pocket
413  124.49  1  0.867642  6.740  12.206  -0.528019  1.159891  -0.023781  S1_pocket
414  127.77  1  0.852350  6.968  13.150  -0.379635  1.167104  -0.012855  S1_pocket
415  115.15  1  0.892669  7.149  12.771  -0.305248  1.146980  -0.022324  S1_pocket
416  127.65  1  0.877635  6.744  12.881  -0.518411  1.199180  -0.009592  S1_pocket
417  111.54  1  0.859853  6.462  13.127  -0.235393  1.182574  -0.007018  S1_pocket
418  120.50  1  0.872847  6.935  12.244  -0.604657  1.187131  -0.016374  S1_pocket
419  112.21  1  0.886152  7.279  12.663  -0.461778  1.150952  -0.006729  S1_pocket
420  119.20  1  0.857014  7.640  12.567  -0.578809  1.187166  -0.014104  S1_pocket
421  110.37  1  0.863456  6.734  12.455  -0.537407  1.259654  -0.018892  S1_pocket
422  118.95  1  0.851025  7.111  11.774  -0.684336  1.178047  -0.015821  S1_pocket
423  111.07  1  0.899946  7.142  12.635  -0.451742  1.180500  -0.018265  S1_pocket
424  111.23  1  0.862120  6.712  11.649  -0.523198  1.169373  -0.012184  S1_pocket
425  121.54  1  0.868153  6.819  11.543  -0.421557  1.161914  -0.026604  S1_pocket
426  107.56  1  0.871508  6.943  11.310  -0.677602  1.180739  -0.016307  S1_pocket
427  111.05  1  0.898569  7.797  11.650  -0.571204  1.181575  -0.009659  S1_pocket
428  100.92  1  0.892161  7.497  11.879  -0.644832  1.156198  -0.021758  S1_pocket
429  124.98  1  0.905185  6.471  12.827  -0.266696  1.193387  -0.014438  S1_pocket
430  118.36  1  0.927629  7.230  12.069  -0.590153  1.128904  -0.015264  S1_pocket
431  129.41  1  0.889755  6.974  12.027  -0.308125  1.112371  -0.004706  S1_pocket
432  124.80  1  0.856847  6.483  13.224  -0.304148  1.169316  -0.024073  S1_pocket
433  142.51  1  0.858112  5.907  13.097  -0.099636  1.132578  -0.007989  S1_pocket
434  108.11  1  0.873685  7.656  12.684  -0.481691  1.130617  -0.006920  S1_pocket
435  131.66  1  0.820794  6.373  12.627  -0.332390  1.194586  -0.024135  S1_pocket
436  130.91  1  0.805289  6.225  13.845  0.100130  1.225656  -0.016478  S1_pocket
437  100.04  1  0.850287  7.347  12.177  -0.623345  1.166621  0.002553  S1_pocket
438  123.97  1  0.823651  6.957  11.604  -0.694158  1.165598  -0.027464  S1_pocket
439  109.79  1  0.831332  7.040  11.455  -0.695980  1.160553  -0.018676  S1_pocket
440  136.41  1  0.827453  5.890  14.116  0.168028  1.216402  -0.014758  S1_pocket
441  126.58  1  0.872944  7.163  11.971  -0.608293  1.168025  -0.010751  S1_pocket
442  104.31  1  0.877613  6.857  12.636  -0.331286  1.178459  -0.021531  S1_pocket
443  105.15  1  0.852693  6.748  13.304  -0.269167  1.228871  -0.017488  S1_pocket
444  118.35  1  0.820420  6.146  13.173  -0.269447  1.233540  -0.006285  S1_pocket
445  146.93  1  0.874161  6.301  13.243  -0.083541  1.174537  -0.025775  S1_pocket
446  113.55  1  0.845837  6.878  12.747  -0.284801  1.227730  -0.009905  S1_pocket
447  112.62  1  0.857552  6.871  12.378  -0.389456  1.135676  -0.021119  S1_pocket
448  117.47  1  0.853835  6.732  12.349  -0.499170  1.128597  -0.027443  S1_pocket
449  106.48  1  0.837092  7.289  12.345  -0.512303  1.194333  -0.018172  S1_pocket
450  117.08  1  0.834327  7.147  12.096  -0.509501  1.183147  -0.013732  S1_pocket
451  127.58  1  0.844229  7.014  13.042  -0.107726  1.252693  -0.009418  S1_pocket
452  117.43  1  0.854778  6.809  12.597  -0.368226  1.161092  -0.018999  S1_pocket
453  112.53  1  0.845278  7.147  12.430  -0.509934  1.192448  -0.017883  S1_pocket
454  141.79  1  0.802597  6.495  14.158  0.160026  1.265653  -0.037881  S1_pocket
455  128.82  1  0.852834  6.614  12.935  -0.245369  1.203379  -0.013036  S1_pocket
456  108.91  1  0.872532  7.936  11.484  -0.733379  1.151595  -0.006253  S1_pocket
457  131.79  1  0.819054  6.111  14.045  -0.121662  1.293768  -0.012008  S1_pocket
458  123.44  1  0.820467  6.514  13.088  -0.111353  1.235799  -0.021116  S1_pocket
459  103.46  1  0.834357  6.876  12.673  -0.443819  1.170179  -0.013711  S1_pocket
460  132.39  1  0.811524  6.210  13.635  -0.312819  1.276914  -0.016810  S1_pocket
461  101.95  1  0.832373  6.288  12.820  -0.193902  1.220989  -0.015918  S1_pocket
462  114.49  1  0.828906  7.365  11.864  -0.641600  1.201853  -0.012573  S1_pocket
463  120.50  1  0.841812  5.974  13.079  -0.243785  1.170498  -0.010608  S1_pocket
464  116.13  1  0.822201  6.760  13.018  -0.374749  1.215243  -0.021722  S1_pocket
465  111.64  1  0.860968  7.022  12.058  -0.517382  1.188798  -0.019397  S1_pocket
466  123.75  1  0.884176  6.836  12.110  -0.276492  1.109560  -0.034932  S1_pocket
467  122.52  1  0.817203  6.510  12.717  -0.242575  1.208053  -0.022489  S1_pocket
468  140.61  1  0.835381  5.990  13.341  -0.078689  1.190162  -0.004331  S1_pocket
469  150.43  0  0.803300  6.359  14.610  0.129644  1.312452  -0.024734  S1_pocket
470  124.04  1  0.837412  6.783  12.556  -0.468046  1.207733  -0.017952  S1_pocket
471  126.39  1  0.848990  6.603  11.881  -0.464199  1.181869  -0.026955  S1_pocket
472  121.89  1  0.861496  7.237  12.049  -0.627833  1.187778  -0.013776  S1_pocket
473  110.92  1  0.916099  7.620  11.447  -0.574158  1.134352  -0.008265  S1_pocket
474  115.98  1  0.849093  7.414  12.167  -0.597812  1.188447  -0.025475  S1_pocket
475  119.01  1  0.845180  7.023  13.155  -0.810935  1.269610  0.007047  S1_pocket
476  121.93  1  0.885166  7.507  12.132  -0.549402  1.179148  -0.018447  S1_pocket
477  112.65  1  0.845760  7.176  11.529  -0.658750  1.164979  -0.011248  S1_pocket
478  147.57  1  0.832425  6.507  13.326  -0.130866  1.256070  -0.011572  S1_pocket
479  114.65  1  0.836251  6.819  13.531  -0.762886  1.312689  -0.013707  S1_pocket
480  118.79  1  0.873275  6.535  12.158  -0.432727  1.155643  -0.023257  S1_pocket
481  105.66  1  0.860013  7.441  12.284  -0.686619  1.224375  -0.019015  S1_pocket
482  115.33  1  0.869985  6.934  12.452  -0.455277  1.180643  -0.024802  S1_pocket
483  113.45  1  0.858619  6.286  13.456  -0.242462  1.225001  -0.015523  S1_pocket
484  107.07  1  0.854852  6.973  12.454  -0.578632  1.217547  -0.016659  S1_pocket
485  122.93  1  0.821368  6.455  13.189  -0.371183  1.213773  -0.012421  S1_pocket
486  118.69  1  0.850857  6.214  13.423  -0.195398  1.207533  -0.018835  S1_pocket
487  122.84  1  0.845634  6.656  12.798  -0.407569  1.212818  -0.018720  S1_pocket
488  145.21  1  0.838826  6.426  13.394  -0.141508  1.210771  -0.015442  S1_pocket
489  121.75  1  0.858018  6.528  12.849  -0.579801  1.200334  -0.022841  S1_pocket
490  129.69  1  0.846099  6.203  14.191  0.125018  1.172332  -0.009259  S1_pocket
491  127.07  1  0.816317  6.044  13.736  -0.100485  1.204165  -0.024874  S1_pocket
492  113.75  1  0.830665  6.665  13.020  -0.274179  1.206415  -0.012380  S1_pocket
493  120.89  1  0.835599  6.298  13.527  -0.212657  1.146162  -0.021547  S1_pocket
494  138.92  1  0.809506  6.142  13.913  -0.031716  1.216854  -0.017763  S1_pocket
495  120.78  1  0.822309  6.276  13.325  -0.450285  1.198270  -0.018345  S1_pocket
496  117.88  1  0.841606  6.549  12.388  -0.433076  1.129205  -0.006434  S1_pocket
497  136.12  1  0.840693  6.576  13.615  0.039494  1.199589  -0.019934  S1_pocket
498  108.84  1  0.860044  7.268  11.444  -0.378535  1.091290  -0.024179  S1_pocket
499  133.97  1  0.854718  6.943  12.513  -0.356104  1.121311  -0.020726  S1_pocket
500  105.53  1  0.872205  7.367  12.037  -0.640872  1.091249  -0.013120  S1_pocket
501  141.19  1  0.801701  6.146  13.954  -0.047493  1.247561  -0.020741  S1_pocket
502  107.91  1  0.853239  7.117  12.829  -0.562599  1.196093  -0.009970  S1_pocket
503  133.86  1  0.814159  6.198  13.000  -0.197371  1.203649  -0.025620  S1_pocket
504  158.42  0  0.838685  7.040  12.520  -0.094686  1.145560  -0.025570  S1_pocket
505  121.09  1  0.814696  6.346  12.935  -0.091236  1.207881  -0.024552  S1_pocket
506  138.01  1  0.821746  6.397  12.765  -0.451374  1.180407  -0.031484  S1_pocket
507  126.49  1  0.835475  6.404  12.654  -0.241834  1.167993  -0.020823  S1_pocket
508  110.17  1  0.828174  6.704  11.778  -0.543828  1.191401  -0.022160  S1_pocket
509  139.02  1  0.819501  6.005  14.124  -0.015611  1.239661  -0.018471  S1_pocket
510  107.94  1  0.851978  6.964  12.257  -0.539460  1.173364  -0.014426  S1_pocket
511  117.09  1  0.800959  6.630  13.112  -0.404996  1.226137  -0.018983  S1_pocket
512  112.45  1  0.840252  6.962  12.291  -0.596724  1.197726  -0.009810  S1_pocket
513  119.89  1  0.835330  6.987  11.958  -0.614130  1.177996  -0.019525  S1_pocket
514  123.32  1  0.833332  6.508  12.790  -0.136547  1.205056  -0.026165  S1_pocket
515  117.49  1  0.858669  7.043  12.656  -0.410437  1.236608  -0.024555  S1_pocket
516  115.15  1  0.825603  6.432  12.861  -0.325780  1.246456  -0.011706  S1_pocket
517  119.83  1  0.858212  6.632  12.843  -0.369767  1.241274  -0.025195  S1_pocket
518  152.78  0  0.806963  6.299  13.627  -0.017830  1.261058  -0.018158  S1_pocket
519  112.64  1  0.827950  6.867  12.786  -0.386616  1.262728  -0.013465  S1_pocket
520  113.73  1  0.832524  6.481  13.013  -0.244408  1.208139  -0.016972  S1_pocket
521  120.90  1  0.874497  6.629  11.872  -0.519730  1.132812  -0.022704  S1_pocket
522  101.67  1  0.853265  6.806  12.941  -0.551262  1.229236  -0.020621  S1_pocket
523  107.11  1  0.866118  7.824  12.445  -0.692719  1.143473  0.003567  S1_pocket
524  114.25  1  0.866371  7.113  12.443  -0.697534  1.168764  -0.012758  S1_pocket
525  126.58  1  0.843261  6.278  13.174  -0.222623  1.198225  -0.006358  S1_pocket
526  137.80  1  0.834291  5.794  13.104  -0.322698  1.205054  -0.013731  S1_pocket
527  126.93  1  0.824055  5.895  13.786  -0.102963  1.231560  -0.021631  S1_pocket
528  127.08  1  0.840934  6.722  12.421  -0.496559  1.172611  -0.019004  S1_pocket
529  152.98  0  0.839612  6.213  13.623  -0.234150  1.211587  -0.008659  S1_pocket
530  121.69  1  0.853276  6.167  13.269  -0.388414  1.214360  -0.022521  S1_pocket
531  123.49  1  0.841037  6.662  13.034  -0.347318  1.179228  -0.027398  S1_pocket
532  137.44  1  0.815920  6.398  14.302  -0.086879  1.271599  -0.026261  S1_pocket
533  116.62  1  0.842904  6.581  14.102  -0.027737  1.170907  -0.022543  S1_pocket
534  131.56  1  0.866829  6.806  13.202  -0.156334  1.129669  -0.015660  S1_pocket
535  121.66  1  0.822197  6.642  13.351  -0.235908  1.183183  -0.023523  S1_pocket
536  119.32  1  0.827972  6.334  12.775  -0.428426  1.160579  -0.021868  S1_pocket
537  118.01  1  0.841405  6.814  13.106  -0.305659  1.170699  -0.010881  S1_pocket
538  118.21  1  0.826009  6.087  14.231  -0.126424  1.224463  -0.015248  S1_pocket
539  108.17  1  0.836873  6.464  13.733  -0.158279  1.149431  -0.012237  S1_pocket
540  107.53  1  0.803547  6.705  12.968  -0.287787  1.151040  -0.020560  S1_pocket
541  120.33  1  0.850715  6.695  13.472  -0.216724  1.142447  -0.018337  S1_pocket
542  126.48  1  0.834640  6.414  13.513  -0.187126  1.147398  -0.000644  S1_pocket
543  133.48  1  0.852193  6.761  12.561  -0.280463  1.114300  -0.014124  S1_pocket
544  110.82  1  0.825461  6.625  13.440  -0.141960  1.235297  -0.012859  S1_pocket
545  121.37  1  0.832002  6.122  12.819  -0.156848  1.121840  -0.022965  S1_pocket
546  98.50  1  0.891775  7.501  11.806  -0.420545  1.115991  0.000295  S1_pocket
547  117.42  1  0.827000  6.460  13.709  0.020067  1.215215  -0.015697  S1_pocket
548  122.68  1  0.848468  6.641  13.272  -0.187645  1.197320  -0.020470  S1_pocket
549  129.19  1  0.835245  6.963  13.746  -0.371424  1.195949  -0.021396  S1_pocket
550  126.27  1  0.878824  6.063  13.179  -0.290992  1.149807  -0.017942  S1_pocket
551  128.46  1  0.866373  6.454  13.758  -0.104371  1.182089  -0.018020  S1_pocket
552  120.54  1  0.892859  6.963  12.404  -0.495704  1.123745  -0.021487  S1_pocket
553  133.05  1  0.864743  6.555  13.279  -0.128273  1.156574  -0.019238  S1_pocket
554  141.09  1  0.843701  6.437  13.295  -0.222250  1.152562  -0.019733  S1_pocket
555  118.39  1  0.841598  6.807  13.445  -0.263628  1.190222  -0.014478  S1_pocket
556  134.59  1  0.812165  5.790  13.567  0.014732  1.181562  -0.017687  S1_pocket
557  136.50  1  0.836350  6.488  13.072  -0.204651  1.154967  -0.019827  S1_pocket
558  136.60  1  0.821525  5.818  13.487  0.029128  1.178003  -0.021099  S1_pocket
559  127.62  1  0.786982  6.303  13.327  -0.173418  1.207379  -0.025856  S1_pocket
560  109.15  1  0.809330  7.038  12.155  -0.513563  1.154319  -0.008065  S1_pocket
561  120.62  1  0.814996  6.803  12.264  -0.366749  1.126159  -0.024621  S1_pocket
562  114.22  1  0.823013  6.463  12.537  -0.338121  1.138956  -0.020223  S1_pocket
563  98.58  1  0.868366  7.073  12.118  -0.422311  1.109250  -0.009551  S1_pocket
564  115.36  1  0.850201  6.630  13.401  -0.239654  1.194787  -0.010917  S1_pocket
565  109.31  1  0.836974  6.562  12.502  -0.528257  1.140542  -0.009079  S1_pocket
566  121.86  1  0.819962  6.722  12.117  -0.635017  1.155197  -0.008173  S1_pocket
567  120.46  1  0.846569  6.737  13.352  -0.243106  1.152493  -0.019438  S1_pocket
568  117.04  1  0.842331  7.170  12.526  -0.519946  1.141622  -0.010684  S1_pocket
569  104.39  1  0.833898  6.858  12.752  -0.614371  1.188796  -0.004089  S1_pocket
570  113.82  1  0.835106  7.158  12.876  -0.476422  1.166523  -0.014579  S1_pocket
571  117.89  1  0.839528  6.906  11.915  -0.544771  1.131353  -0.013565  S1_pocket
572  135.76  1  0.825339  6.057  12.825  -0.316913  1.172219  -0.017904  S1_pocket
573  126.16  1  0.837705  6.294  12.735  -0.321536  1.171684  -0.009593  S1_pocket
574  120.04  1  0.853359  6.900  11.777  -0.560353  1.117524  -0.009018  S1_pocket
575  124.38  1  0.886513  7.392  11.941  -0.360396  1.126002  -0.019247  S1_pocket
576  126.71  1  0.831544  6.614  12.358  -0.394540  1.220964  -0.015970  S1_pocket
577  105.02  1  0.875678  6.794  12.068  -0.164783  1.160658  -0.013120  S1_pocket
578  132.37  1  0.852808  6.586  12.421  -0.326159  1.206709  -0.012283  S1_pocket
579  108.81  1  0.849868  7.121  11.459  -0.697039  1.268484  -0.017661  S1_pocket
580  121.60  1  0.854534  6.922  11.356  -0.467362  1.162631  -0.007302  S1_pocket
581  118.97  1  0.864221  7.155  11.657  -0.684421  1.193971  -0.004079  S1_pocket
582  107.94  1  0.882690  7.202  12.296  -0.477591  1.123296  -0.030931  S1_pocket
583  115.34  1  0.860352  6.659  13.350  -0.361096  1.197602  -0.022922  S1_pocket
584  122.65  1  0.834811  6.782  13.139  -0.689511  1.237027  -0.005975  S1_pocket
585  106.81  1  0.862160  7.280  12.505  -0.670071  1.149006  -0.013028  S1_pocket
586  132.28  1  0.838118  6.435  13.487  -0.196817  1.218159  -0.013943  S1_pocket
587  135.65  1  0.823011  6.362  13.801  -0.252740  1.232837  -0.019953  S1_pocket
588  128.41  1  0.859320  6.584  12.499  -0.424190  1.172921  -0.011158  S1_pocket
589  133.09  1  0.839238  6.476  13.388  -0.400252  1.242224  -0.023647  S1_pocket
590  144.99  1  0.832308  6.660  13.473  -0.187773  1.205413  -0.008652  S1_pocket
591  114.87  1  0.839577  6.821  12.488  -0.638719  1.219537  -0.013953  S1_pocket
592  134.35  1  0.836442  5.728  14.324  0.080579  1.218691  -0.013313  S1_pocket
593  123.20  1  0.877445  7.182  11.749  -0.396646  1.089212  -0.022009  S1_pocket
594  124.62  1  0.822528  7.068  12.343  -0.343197  1.148845  -0.008930  S1_pocket
595  129.04  1  0.798118  6.366  14.016  -0.086974  1.222949  -0.012814  S1_pocket
596  157.32  0  0.818032  6.056  13.416  -0.080421  1.201153  -0.019181  S1_pocket
597  120.56  1  0.868123  7.217  12.121  -0.491978  1.177327  -0.013418  S1_pocket
598  134.10  1  0.809366  6.384  13.200  -0.554405  1.249684  -0.025417  S1_pocket
599  118.95  1  0.811565  6.543  13.674  -0.401312  1.290930  -0.009533  S1_pocket
600  123.55  1  0.808854  6.071  14.559  0.089970  1.305419  -0.023459  S1_pocket
601  133.86  1  0.844219  6.633  13.788  -0.060707  1.247484  -0.011686  S1_pocket
602  110.51  1  0.824952  6.922  12.677  -0.520441  1.255481  -0.014732  S1_pocket
603  121.88  1  0.840492  6.832  14.061  -0.229969  1.281407  -0.017471  S1_pocket
604  132.67  1  0.804874  6.552  13.782  -0.295016  1.317478  -0.025954  S1_pocket
605  126.17  1  0.827790  6.974  13.684  -0.141120  1.255584  -0.017479  S1_pocket
606  113.13  1  0.834225  7.205  12.897  -0.420747  1.243379  -0.020211  S1_pocket
607  116.57  1  0.846227  6.881  12.782  -0.331927  1.178547  -0.024724  S1_pocket
608  122.89  1  0.864153  7.305  12.670  -0.283281  1.199040  -0.008866  S1_pocket
609  106.12  1  0.826858  7.411  13.210  -0.439954  1.224521  -0.018863  S1_pocket
610  114.54  1  0.835594  7.363  12.702  -0.537300  1.187456  -0.001097  S1_pocket
611  134.11  1  0.832198  6.805  12.626  -0.331076  1.195411  -0.014428  S1_pocket
612  127.79  1  0.846792  6.441  13.272  -0.202753  1.214696  -0.017965  S1_pocket
613  121.45  1  0.828991  6.898  12.264  -0.476327  1.214677  -0.018767  S1_pocket
614  115.05  1  0.847686  6.869  13.269  -0.289492  1.216243  -0.019451  S1_pocket
615  119.59  1  0.829482  6.558  13.775  -0.102597  1.274346  -0.009899  S1_pocket
616  111.95  1  0.842228  6.999  13.957  -0.077440  1.247958  -0.022724  S1_pocket
617  124.29  1  0.835473  6.824  13.893  -0.215830  1.229837  -0.010531  S1_pocket
618  130.58  1  0.851824  6.481  13.945  -0.169138  1.202988  -0.025479  S1_pocket
619  137.49  1  0.834081  6.421  13.481  -0.302887  1.257610  -0.029690  S1_pocket
620  139.65  1  0.822566  6.523  14.052  0.129892  1.275870  -0.007979  S1_pocket
621  113.39  1  0.850336  6.909  12.555  -0.360083  1.224449  -0.021114  S1_pocket
622  116.21  1  0.836116  7.061  12.934  -0.261303  1.235710  -0.025180  S1_pocket
623  121.54  1  0.832689  6.421  13.759  -0.181099  1.264582  -0.023618  S1_pocket
624  136.15  1  0.802875  6.474  13.166  -0.261154  1.306822  -0.019357  S1_pocket
625  130.93  1  0.822606  6.227  14.040  0.035018  1.281258  -0.018895  S1_pocket
626  94.36  1  0.853961  7.743  11.997  -0.789360  1.226173  0.003576  S1_pocket
627  111.73  1  0.832148  7.134  12.723  -0.708524  1.287701  0.000218  S1_pocket
628  104.79  1  0.800309  6.722  12.750  -0.796744  1.357521  -0.014195  S1_pocket
629  102.41  1  0.843931  7.335  11.967  -0.746897  1.277194  0.001980  S1_pocket
630  114.47  1  0.845424  6.560  12.670  -0.481665  1.232477  -0.014235  S1_pocket
631  113.05  1  0.853640  6.295  13.599  -0.038218  1.248009  -0.016849  S1_pocket
632  111.70  1  0.866432  6.795  13.261  -0.129066  1.226399  -0.020376  S1_pocket
633  130.34  1  0.852816  6.475  13.132  -0.481814  1.274339  -0.026164  S1_pocket
634  121.20  1  0.857834  6.537  12.641  -0.531267  1.252738  -0.013842  S1_pocket
635  127.20  1  0.837031  6.826  12.399  -0.455966  1.230968  -0.012245  S1_pocket
636  118.14  1  0.856653  6.561  13.476  -0.287510  1.246752  -0.021071  S1_pocket
637  128.00  1  0.824551  6.301  13.246  -0.365097  1.244806  -0.026819  S1_pocket
638  126.34  1  0.866791  6.438  13.499  -0.084969  1.199976  -0.035186  S1_pocket
639  107.86  1  0.885187  7.089  12.302  -0.510292  1.159806  -0.012388  S1_pocket
640  125.60  1  0.885194  6.542  12.686  -0.314477  1.170107  -0.020674  S1_pocket
641  129.95  1  0.853040  6.537  13.364  -0.362109  1.221628  -0.023630  S1_pocket
642  115.45  1  0.859052  6.349  13.153  -0.272331  1.205547  -0.029641  S1_pocket
643  114.44  1  0.841430  6.823  13.166  -0.295956  1.235715  -0.015237  S1_pocket
644  107.97  1  0.851721  7.174  13.472  -0.741129  1.304113  -0.007938  S1_pocket
645  134.45  1  0.827293  6.396  13.442  -0.307030  1.255201  -0.019690  S1_pocket
646  132.07  1  0.845991  6.907  12.601  -0.365832  1.244160  -0.009385  S1_pocket
647  129.80  1  0.812995  6.899  12.252  -0.472499  1.222548  -0.010398  S1_pocket
648  118.20  1  0.830409  6.868  12.599  -0.323538  1.244122  -0.021612  S1_pocket
649  127.79  1  0.807854  6.773  12.398  -0.441859  1.287303  -0.010364  S1_pocket
650  134.05  1  0.839811  6.107  14.142  0.023558  1.316495  -0.017951  S1_pocket
651  134.65  1  0.856341  6.606  12.480  -0.316325  1.183156  -0.022354  S1_pocket
652  123.82  1  0.799440  6.192  12.521  -0.379265  1.197976  -0.018559  S1_pocket
653  120.83  1  0.835029  6.577  12.985  -0.114814  1.227161  -0.024848  S1_pocket
654  105.92  1  0.840621  6.604  12.696  -0.378403  1.238058  -0.018003  S1_pocket
655  126.74  1  0.832887  6.154  14.169  0.068942  1.278614  -0.012161  S1_pocket
656  131.19  1  0.829792  6.577  13.722  -0.198211  1.281580  -0.011795  S1_pocket
657  118.46  1  0.838726  6.479  13.507  -0.430796  1.318580  -0.020170  S1_pocket
658  120.72  1  0.868121  6.701  13.267  -0.310751  1.214828  -0.012030  S1_pocket
659  122.96  1  0.825832  6.640  13.821  -0.352194  1.335433  -0.011687  S1_pocket
660  123.07  1  0.853802  6.885  13.529  -0.289053  1.251943  -0.010075  S1_pocket
661  130.38  1  0.846285  6.530  12.524  -0.474848  1.229326  -0.011651  S1_pocket
662  123.62  1  0.830350  6.638  13.352  -0.366788  1.239733  -0.009281  S1_pocket
663  115.60  1  0.857955  6.595  12.607  -0.470773  1.187574  -0.022888  S1_pocket
664  115.62  1  0.870545  7.215  12.811  -0.469228  1.160166  -0.034431  S1_pocket
665  153.04  0  0.849117  6.712  13.244  -0.250272  1.220503  -0.016576  S1_pocket
666  128.11  1  0.817793  5.536  13.256  -0.237579  1.210517  -0.008163  S1_pocket
667  138.13  1  0.843585  6.114  13.042  -0.208956  1.171596  -0.012465  S1_pocket
668  133.62  1  0.838124  6.433  12.652  -0.510438  1.171952  -0.022604  S1_pocket
669  125.27  1  0.822030  6.521  12.874  -0.273438  1.157966  -0.019544  S1_pocket
670  128.05  1  0.855268  6.952  12.908  -0.432554  1.160374  -0.031703  S1_pocket
671  119.68  1  0.843739  6.281  13.003  -0.218605  1.158066  -0.026680  S1_pocket
672  128.21  1  0.810099  6.701  14.720  -0.067514  1.280448  -0.001579  S1_pocket
673  115.96  1  0.840373  6.497  13.450  -0.011839  1.184629  -0.016118  S1_pocket
674  132.23  1  0.827064  6.744  13.628  -0.282282  1.181203  -0.016425  S1_pocket
675  115.32  1  0.823070  6.965  13.652  -0.478350  1.240320  -0.014037  S1_pocket
676  110.43  1  0.867394  6.903  12.839  -0.449267  1.158163  -0.021358  S1_pocket
677  104.11  1  0.864813  6.527  12.603  -0.308629  1.186865  -0.028908  S1_pocket
678  120.89  1  0.870102  6.731  13.465  -0.209514  1.180556  -0.014521  S1_pocket
679  114.52  1  0.860923  6.757  14.245  -0.365886  1.271188  -0.005073  S1_pocket
680  117.76  1  0.845478  6.436  13.484  -0.353305  1.213462  -0.006467  S1_pocket
681  129.89  1  0.842081  6.211  14.890  0.110050  1.211458  -0.022008  S1_pocket
682  110.87  1  0.854743  6.353  13.806  -0.139278  1.166096  -0.007794  S1_pocket
683  125.89  1  0.863576  7.341  13.166  -0.539862  1.231050  0.007843  S1_pocket
684  120.87  1  0.830763  6.279  13.911  -0.035465  1.271243  -0.014768  S1_pocket
685  131.34  1  0.840844  6.245  14.178  0.179509  1.262835  -0.005745  S1_pocket
686  124.87  1  0.826989  6.440  13.414  0.066027  1.224590  -0.025278  S1_pocket
687  128.71  1  0.835022  6.440  12.993  -0.019770  1.175351  -0.017852  S1_pocket
688  136.51  1  0.818087  6.420  13.667  0.001800  1.222609  -0.021454  S1_pocket
689  118.87  1  0.816391  6.749  14.351  -0.057819  1.263518  -0.016262  S1_pocket
690  128.31  1  0.840544  6.585  13.625  -0.017952  1.215477  -0.023433  S1_pocket
691  136.42  1  0.806796  6.361  14.157  0.239699  1.232416  -0.021340  S1_pocket
692  124.34  1  0.834662  6.915  14.462  -0.150838  1.322215  -0.006957  S1_pocket
693  113.73  1  0.871160  6.769  12.698  -0.508514  1.245507  -0.018501  S1_pocket
694  127.12  1  0.847360  6.920  13.453  -0.452412  1.276590  -0.016267  S1_pocket
695  135.71  1  0.844184  6.712  12.904  -0.105456  1.220137  -0.023886  S1_pocket
696  130.45  1  0.834473  6.335  13.917  0.182673  1.272772  -0.011507  S1_pocket
697  128.69  1  0.812464  6.305  13.308  -0.254813  1.235714  -0.012360  S1_pocket
698  148.05  1  0.821554  6.537  14.070  0.145991  1.266945  -0.025777  S1_pocket
699  122.10  1  0.842396  6.710  13.506  -0.286104  1.259292  -0.028821  S1_pocket
700  140.64  1  0.824377  6.609  12.777  0.010196  1.184795  -0.021531  S1_pocket
701  120.21  1  0.844914  6.856  12.413  -0.421203  1.229112  -0.032461  S1_pocket
702  113.29  1  0.808334  6.294  12.685  -0.373267  1.292890  -0.018796  S1_pocket
703  112.62  1  0.844153  6.477  13.785  -0.087236  1.263026  -0.026006  S1_pocket
704  121.60  1  0.868652  6.621  13.222  -0.074299  1.256512  -0.015191  S1_pocket
705  115.61  1  0.814730  6.520  13.700  -0.386937  1.268078  -0.012571  S1_pocket
706  151.34  0  0.827957  6.431  14.119  0.037922  1.266541  -0.017159  S1_pocket
707  129.45  1  0.859141  7.225  12.928  -0.459001  1.194781  0.003370  S1_pocket
708  121.35  1  0.866924  6.188  13.224  -0.262293  1.216951  -0.014244  S1_pocket
709  137.67  1  0.854950  6.437  13.049  -0.140923  1.188091  -0.019154  S1_pocket
710  130.03  1  0.848430  6.596  13.656  -0.031755  1.228610  -0.017359  S1_pocket
711  111.88  1  0.839229  7.067  13.051  -0.557892  1.208079  -0.014612  S1_pocket
712  134.47  1  0.828124  5.965  13.892  0.034972  1.250272  -0.010677  S1_pocket
713  118.39  1  0.824515  7.485  12.488  -0.595530  1.267688  -0.003926  S1_pocket
714  120.94  1  0.834954  6.787  12.774  -0.442325  1.284655  -0.007330  S1_pocket
715  121.40  1  0.822959  5.789  13.538  0.013484  1.274312  -0.012552  S1_pocket
716  132.19  1  0.820078  6.521  14.480  0.187107  1.305139  -0.013269  S1_pocket
717  112.53  1  0.826944  6.608  13.675  -0.160024  1.287760  -0.028066  S1_pocket
718  135.86  1  0.836686  6.228  13.157  -0.303373  1.289770  -0.008459  S1_pocket
719  127.43  1  0.826023  5.988  13.865  -0.273227  1.318802  -0.009545  S1_pocket
720  120.02  1  0.849085  6.509  13.637  -0.295127  1.283168  -0.014037  S1_pocket
721  116.70  1  0.862421  6.194  12.932  -0.246539  1.232017  -0.022551  S1_pocket
722  114.04  1  0.882315  6.809  12.326  -0.270073  1.150155  -0.017098  S1_pocket
723  115.24  1  0.876642  6.267  13.778  -0.165166  1.235795  -0.010386  S1_pocket
724  133.15  1  0.809314  6.132  14.266  -0.319468  1.297498  -0.021671  S1_pocket
725  120.28  1  0.850401  6.781  12.741  -0.272802  1.224865  -0.013992  S1_pocket
726  120.52  1  0.832625  7.013  12.544  -0.447457  1.233594  -0.018046  S1_pocket
727  136.46  1  0.815761  6.310  12.845  -0.381603  1.272363  -0.012477  S1_pocket
728  121.52  1  0.817300  6.671  14.323  -0.170289  1.304342  -0.011117  S1_pocket
729  115.75  1  0.843135  6.844  12.504  -0.538914  1.234873  -0.019387  S1_pocket
730  128.68  1  0.812114  6.815  13.786  -0.164811  1.267373  -0.021099  S1_pocket
731  124.05  1  0.832753  6.475  13.395  -0.183866  1.198461  -0.024628  S1_pocket
732  143.30  1  0.800220  6.395  13.720  -0.077330  1.259729  -0.020447  S1_pocket
733  163.90  0  0.804259  6.258  13.680  -0.018043  1.244226  -0.018120  S1_pocket
734  120.26  1  0.864946  6.319  13.480  -0.168445  1.203070  -0.015363  S1_pocket
735  101.39  1  0.858867  6.503  12.765  -0.476215  1.197044  -0.009420  S1_pocket
736  110.61  1  0.839271  6.887  12.831  -0.479361  1.209955  -0.023169  S1_pocket
737  138.53  1  0.866684  6.542  12.947  -0.375757  1.217402  -0.023805  S1_pocket
738  125.75  1  0.836866  6.476  13.224  -0.336243  1.264509  -0.015213  S1_pocket
739  132.44  1  0.890378  6.769  12.713  -0.512140  1.230617  -0.018314  S1_pocket
740  122.14  1  0.873496  6.787  12.624  -0.373544  1.196151  -0.027124  S1_pocket
741  100.02  1  0.871696  6.523  15.163  -0.055203  1.304035  -0.018570  S1_pocket
742  128.29  1  0.866763  7.138  13.025  -0.204600  1.223161  -0.001020  S1_pocket
743  132.04  1  0.873273  6.186  13.100  -0.203671  1.178582  -0.013858  S1_pocket
744  119.69  1  0.856314  6.911  13.339  -0.056804  1.229898  -0.021452  S1_pocket
745  115.49  1  0.864976  6.233  13.389  -0.441075  1.241012  -0.013608  S1_pocket
746  107.43  1  0.853560  6.871  13.926  -0.203733  1.284892  -0.020150  S1_pocket
747  122.50  1  0.834364  6.451  13.136  -0.301342  1.274129  -0.018660  S1_pocket
748  135.52  1  0.815519  6.236  14.293  0.204539  1.299709  -0.026166  S1_pocket
749  129.62  1  0.884103  6.554  12.728  -0.226822  1.195406  -0.023959  S1_pocket
750  108.65  1  0.888866  7.193  12.847  -0.564788  1.219657  -0.009333  S1_pocket
751  115.06  1  0.832387  6.618  14.013  -0.310553  1.312768  -0.018863  S1_pocket
752  117.49  1  0.845929  6.753  12.394  -0.633687  1.259455  -0.018819  S1_pocket
753  130.56  1  0.822264  6.117  13.188  -0.297560  1.311400  -0.009509  S1_pocket
754  119.30  1  0.850323  6.111  13.586  -0.331894  1.270539  -0.016554  S1_pocket
755  110.52  1  0.827887  7.101  13.802  -0.128240  1.293286  -0.005009  S1_pocket
756  113.45  1  0.847010  6.312  12.935  -0.227035  1.259365  -0.030709  S1_pocket
757  134.04  1  0.847277  6.021  13.812  -0.126282  1.279371  -0.012789  S1_pocket
758  118.73  1  0.857607  6.965  13.197  -0.334063  1.258884  -0.015620  S1_pocket
759  133.72  1  0.817751  6.014  13.152  -0.209516  1.270777  -0.005672  S1_pocket
760  123.58  1  0.840617  6.329  14.117  -0.045735  1.280113  -0.016327  S1_pocket
761  129.02  1  0.818736  5.829  14.375  -0.037043  1.328168  -0.014207  S1_pocket
762  115.40  1  0.853777  7.392  12.710  -0.531060  1.240021  -0.017855  S1_pocket
763  127.73  1  0.806085  6.307  12.931  -0.269920  1.310633  -0.016213  S1_pocket
764  119.22  1  0.837983  7.121  13.497  -0.286801  1.247572  -0.025253  S1_pocket
765  107.20  1  0.848416  7.259  12.385  -0.780271  1.233402  -0.013779  S1_pocket
766  95.94  1  0.820154  7.147  12.230  -0.862013  1.293035  -0.011171  S1_pocket
767  101.72  1  0.840842  7.766  12.901  -0.867377  1.284880  0.005396  S1_pocket
768  125.68  1  0.844457  6.573  13.693  -0.282837  1.242054  -0.009134  S1_pocket
769  112.38  1  0.871716  7.085  13.638  -0.454998  1.208813  -0.021582  S1_pocket
770  145.03  1  0.824878  6.641  13.325  -0.435259  1.233786  -0.016704  S1_pocket
771  122.00  1  0.840670  6.341  13.574  -0.328951  1.207035  -0.009800  S1_pocket
772  110.22  1  0.855024  7.486  12.074  -0.778016  1.171727  -0.003597  S1_pocket
773  114.65  1  0.854973  6.706  13.640  -0.289766  1.233111  -0.014117  S1_pocket
774  122.87  1  0.857371  7.091  13.486  -0.154268  1.233563  -0.016809  S1_pocket
775  139.69  1  0.832315  6.049  13.089  -0.464747  1.221436  -0.023034  S1_pocket
776  114.06  1  0.865543  8.048  12.199  -0.678530  1.178859  0.007011  S1_pocket
777  130.68  1  0.820254  6.943  13.391  -0.526317  1.258926  -0.018301  S1_pocket
778  120.23  1  0.838984  6.136  14.348  -0.251730  1.299957  -0.021820  S1_pocket
779  112.06  1  0.853906  6.751  13.500  -0.361344  1.263029  -0.021226  S1_pocket
780  111.61  1  0.872212  7.561  11.921  -0.672587  1.172821  -0.011589  S1_pocket
781  119.01  1  0.846985  6.554  13.609  -0.303172  1.279141  -0.025312  S1_pocket
782  122.81  1  0.867443  8.283  12.489  -0.497842  1.199878  -0.016928  S1_pocket
783  121.56  1  0.873446  6.802  12.795  -0.458546  1.232547  -0.023345  S1_pocket
784  126.75  1  0.856012  6.608  14.149  -0.081692  1.283904  -0.022580  S1_pocket
785  130.25  1  0.869518  6.348  13.285  -0.294628  1.252665  -0.018946  S1_pocket
786  113.33  1  0.846340  7.017  12.344  -0.554653  1.247453  -0.025117  S1_pocket
787  124.10  1  0.827439  6.568  13.951  -0.021822  1.283172  -0.014969  S1_pocket
788  124.00  1  0.865422  6.919  13.668  -0.247762  1.265010  -0.003522  S1_pocket
789  119.13  1  0.875754  6.933  13.421  -0.307375  1.245801  -0.019842  S1_pocket
790  126.59  1  0.846993  7.262  12.799  -0.325395  1.191742  -0.020258  S1_pocket
791  119.85  1  0.849265  6.569  12.748  -0.270814  1.206936  -0.010577  S1_pocket
792  103.71  1  0.843882  6.428  14.077  0.076944  1.239187  -0.020324  S1_pocket
793  149.35  1  0.839807  6.283  13.611  0.017420  1.207824  -0.023122  S1_pocket
794  127.71  1  0.856174  7.149  13.376  -0.316808  1.232279  -0.022461  S1_pocket
795  111.59  1  0.852838  6.541  13.497  -0.155211  1.209012  -0.018933  S1_pocket
796  128.16  1  0.883154  7.560  12.614  -0.614588  1.195918  -0.022652  S1_pocket
797  121.12  1  0.833660  5.937  14.368  -0.015798  1.255726  -0.028552  S1_pocket
798  131.47  1  0.864196  6.428  13.827  -0.315625  1.188631  -0.022292  S1_pocket
799  111.74  1  0.857964  6.494  13.149  -0.116341  1.169750  -0.008998  S1_pocket
800  117.97  1  0.872959  7.568  12.328  -0.546877  1.158497  -0.017849  S1_pocket
801  143.59  1  0.838174  6.613  14.308  -0.045065  1.191904  -0.004040  S1_pocket
802  133.88  1  0.829129  6.103  13.495  0.083883  1.191241  -0.004748  S1_pocket
803  126.03  1  0.835873  6.191  13.466  -0.201940  1.200402  -0.006736  S1_pocket
804  128.61  1  0.830783  6.867  12.287  -0.299580  1.231060  -0.021163  S1_pocket
805  121.07  1  0.866128  6.402  13.218  -0.199411  1.190875  -0.014459  S1_pocket
806  143.43  1  0.811179  6.245  13.844  0.051790  1.184054  -0.011944  S1_pocket
807  125.00  1  0.858227  6.670  12.332  -0.393347  1.127642  -0.023159  S1_pocket
808  145.05  1  0.811431  6.420  14.103  0.044254  1.226315  -0.021452  S1_pocket
809  130.38  1  0.805570  6.289  12.577  -0.248620  1.186522  -0.025402  S1_pocket
810  108.92  1  0.863310  6.533  13.412  -0.303871  1.158455  -0.026653  S1_pocket
811  124.50  1  0.843346  6.201  13.497  -0.230426  1.189233  -0.010583  S1_pocket
812  101.33  1  0.844291  7.130  12.831  -0.288497  1.162380  -0.013111  S1_pocket
813  126.82  1  0.812142  6.597  13.763  -0.122660  1.242240  -0.013076  S1_pocket
814  117.08  1  0.817403  6.535  13.040  -0.435935  1.170456  -0.019279  S1_pocket
815  115.93  1  0.803689  7.294  12.772  -0.638355  1.205666  -0.005217  S1_pocket
816  127.17  1  0.832209  6.525  13.733  -0.250834  1.173155  -0.019153  S1_pocket
817  133.39  1  0.853192  6.111  12.850  -0.139011  1.134965  -0.019571  S1_pocket
818  138.90  1  0.844412  6.000  13.368  0.016854  1.175285  -0.029546  S1_pocket
819  110.87  1  0.882526  7.114  12.563  -0.462624  1.122272  -0.026694  S1_pocket
820  129.16  1  0.847791  6.254  13.527  -0.415214  1.170288  -0.017465  S1_pocket
821  148.16  1  0.808239  6.314  13.524  0.050706  1.136704  -0.020098  S1_pocket
822  122.12  1  0.865518  6.791  12.541  -0.294286  1.088412  -0.023542  S1_pocket
823  121.81  1  0.855794  6.654  12.652  -0.177097  1.096771  -0.020203  S1_pocket
824  121.36  1  0.843288  6.706  12.963  -0.265590  1.155571  -0.011600  S1_pocket
825  121.72  1  0.853326  6.774  13.338  -0.040849  1.120313  -0.026702  S1_pocket
826  115.85  1  0.858863  6.347  13.003  -0.123668  1.107694  -0.018279  S1_pocket
827  128.82  1  0.851377  6.956  13.496  -0.346177  1.179688  -0.017368  S1_pocket
828  122.31  1  0.866196  6.666  13.226  -0.403774  1.167115  -0.024493  S1_pocket
829  114.80  1  0.855477  6.852  12.777  -0.212042  1.141009  -0.021739  S1_pocket
830  123.30  1  0.864052  6.426  13.327  -0.176867  1.144477  -0.015801  S1_pocket
831  128.85  1  0.828650  6.960  12.551  -0.490733  1.162833  -0.020812  S1_pocket
832  119.85  1  0.850831  6.883  13.253  -0.294183  1.171250  -0.020358  S1_pocket
833  130.05  1  0.874578  6.472  12.514  -0.240257  1.159460  -0.018407  S1_pocket
834  133.83  1  0.848808  6.725  12.749  -0.243537  1.145782  -0.012280  S1_pocket
835  139.23  1  0.844516  6.516  12.736  -0.024868  1.146408  -0.018219  S1_pocket
836  125.97  1  0.813997  6.245  13.801  -0.146710  1.236290  -0.009021  S1_pocket
837  125.59  1  0.853802  6.758  12.853  -0.351621  1.176769  -0.018524  S1_pocket
838  114.65  1  0.839275  7.080  13.029  -0.444623  1.174877  -0.014271  S1_pocket
839  105.21  1  0.834694  7.896  11.497  -0.803850  1.160967  -0.004263  S1_pocket
840  128.85  1  0.814240  6.437  12.058  -0.518036  1.179446  -0.019149  S1_pocket
841  112.00  1  0.851929  6.669  12.219  -0.534484  1.155082  -0.021911  S1_pocket
842  121.06  1  0.835215  6.671  12.141  -0.488099  1.140183  -0.015533  S1_pocket
843  118.97  1  0.873439  6.659  12.038  -0.262956  1.073139  -0.010568  S1_pocket
844  113.76  1  0.834971  6.394  13.851  -0.166924  1.261295  -0.006014  S1_pocket
845  123.17  1  0.861806  6.867  13.865  0.045153  1.209503  -0.023978  S1_pocket
846  110.79  1  0.837410  6.750  12.505  -0.301741  1.240364  -0.018940  S1_pocket
847  117.71  1  0.832590  6.847  13.134  -0.009185  1.200697  -0.021242  S1_pocket
848  136.79  1  0.839045  6.909  13.678  0.096017  1.215495  -0.021059  S1_pocket
849  119.83  1  0.825984  6.355  14.110  -0.017145  1.296445  -0.021781  S1_pocket
850  112.85  1  0.847506  6.370  13.417  -0.078611  1.237221  -0.022972  S1_pocket
851  121.41  1  0.832843  6.898  12.642  -0.442135  1.209944  -0.022008  S1_pocket
852  125.12  1  0.825277  6.578  13.905  -0.482367  1.290560  -0.025610  S1_pocket
853  114.14  1  0.854146  7.245  12.304  -0.541271  1.198587  -0.022147  S1_pocket
854  107.70  1  0.844593  6.615  13.280  -0.510193  1.264324  -0.015917  S1_pocket
855  113.17  1  0.817191  6.893  13.860  -0.511577  1.309917  -0.017695  S1_pocket
856  142.34  1  0.868952  6.469  14.172  -0.218783  1.267608  -0.014724  S1_pocket
857  132.82  1  0.793181  6.643  15.337  -0.177086  1.334473  -0.015948  S1_pocket
858  116.19  1  0.829162  6.236  13.727  -0.169036  1.264639  -0.015522  S1_pocket
859  134.83  1  0.839589  6.982  12.572  -0.289505  1.183553  -0.020417  S1_pocket
860  114.92  1  0.828783  7.178  12.367  -0.677346  1.200716  -0.023773  S1_pocket
861  108.55  1  0.828192  7.458  12.862  -0.546951  1.233637  -0.004349  S1_pocket
862  115.62  1  0.859459  7.010  12.844  -0.370472  1.189378  -0.018683  S1_pocket
863  104.45  1  0.866981  7.891  11.842  -0.647577  1.129897  -0.010229  S1_pocket
864  118.01  1  0.838328  7.081  12.769  -0.448671  1.209866  -0.023997  S1_pocket
865  121.41  1  0.826681  6.751  13.586  -0.280065  1.238219  -0.015465  S1_pocket
866  138.16  1  0.828439  5.991  13.610  -0.257048  1.221546  -0.026912  S1_pocket
867  131.99  1  0.855148  6.391  13.519  -0.387064  1.215316  -0.027299  S1_pocket
868  132.20  1  0.825873  6.507  14.082  -0.068334  1.252728  -0.010012  S1_pocket
869  118.36  1  0.816227  6.535  13.741  -0.283688  1.207214  -0.007086  S1_pocket
870  140.13  1  0.819854  6.406  12.812  -0.270113  1.162777  -0.022944  S1_pocket
871  125.37  1  0.834203  6.421  12.528  -0.292396  1.185555  -0.016153  S1_pocket
872  129.58  1  0.807934  6.627  13.604  -0.046410  1.191871  -0.016203  S1_pocket
873  126.83  1  0.844156  6.918  13.655  -0.369273  1.216155  -0.008803  S1_pocket
874  145.47  1  0.831575  6.441  13.938  -0.045535  1.206760  -0.013187  S1_pocket
875  128.19  1  0.827489  6.656  13.455  -0.296245  1.217797  -0.008275  S1_pocket
876  136.62  1  0.833244  6.229  14.148  -0.054194  1.257579  -0.024879  S1_pocket
877  102.79  1  0.869807  6.686  13.735  -0.181141  1.205765  -0.016899  S1_pocket
878  96.79  1  0.831523  7.011  12.719  -0.746902  1.222911  -0.010274  S1_pocket
879  129.77  1  0.812809  6.601  14.037  -0.221243  1.282080  -0.012708  S1_pocket
880  119.67  1  0.848530  7.488  11.511  -0.577244  1.141767  -0.021288  S1_pocket
881  151.00  0  0.842640  6.691  12.792  -0.168833  1.185957  -0.013539  S1_pocket
882  122.33  1  0.821859  7.103  12.905  -0.479256  1.192382  -0.017065  S1_pocket
883  147.59  1  0.789001  6.233  12.966  -0.160091  1.185524  -0.017353  S1_pocket
884  122.90  1  0.824258  6.548  13.185  -0.338853  1.182279  -0.021665  S1_pocket
885  108.95  1  0.833322  7.391  13.096  -0.187019  1.165398  -0.013596  S1_pocket
886  94.58  1  0.844777  7.011  13.530  -0.093806  1.192592  -0.028372  S1_pocket
887  120.09  1  0.855557  6.632  12.626  -0.231240  1.114879  -0.024963  S1_pocket
888  118.17  1  0.835032  6.788  13.672  -0.220310  1.227075  -0.017820  S1_pocket
889  128.94  1  0.822575  6.905  12.851  -0.537228  1.183454  -0.010893  S1_pocket
890  114.68  1  0.822078  6.675  13.416  -0.513725  1.248310  -0.020683  S1_pocket
891  124.68  1  0.848193  7.171  12.365  -0.532567  1.234072  -0.021370  S1_pocket
892  112.18  1  0.852404  6.581  13.209  -0.327647  1.251392  -0.007621  S1_pocket
893  125.12  1  0.806156  5.951  13.879  -0.350497  1.344099  -0.012339  S1_pocket
894  141.59  1  0.831788  6.675  12.715  -0.113609  1.221289  -0.014514  S1_pocket
895  107.93  1  0.867300  7.102  12.722  -0.489101  1.191707  -0.016544  S1_pocket
896  134.17  1  0.857231  7.066  13.196  -0.271069  1.199395  -0.019018  S1_pocket
897  115.74  1  0.855491  6.697  12.729  -0.623042  1.258427  -0.018958  S1_pocket
898  111.27  1  0.836518  6.745  13.155  -0.222976  1.239732  -0.027175  S1_pocket
899  113.76  1  0.836341  6.721  13.007  -0.242627  1.210625  -0.014250  S1_pocket
900  107.60  1  0.837737  6.514  13.605  -0.216718  1.233423  -0.011202  S1_pocket
901  135.71  1  0.831426  7.041  13.197  -0.320364  1.215848  -0.025024  S1_pocket
902  118.27  1  0.853066  7.071  13.196  -0.613794  1.285906  -0.003526  S1_pocket
903  121.73  1  0.845583  6.852  13.557  -0.324401  1.278733  -0.025704  S1_pocket
904  122.54  1  0.848981  6.895  12.773  -0.440925  1.216367  -0.019229  S1_pocket
905  136.94  1  0.810891  6.530  12.560  -0.457165  1.222757  -0.011672  S1_pocket
906  119.68  1  0.816171  7.016  13.247  -0.475223  1.280650  -0.009333  S1_pocket
907  107.17  1  0.836723  7.065  12.144  -0.469230  1.185557  -0.000464  S1_pocket
908  111.08  1  0.846893  6.424  13.404  -0.286120  1.231427  -0.012412  S1_pocket
909  114.27  1  0.859011  7.218  12.476  -0.635724  1.257673  -0.001826  S1_pocket
910  134.74  1  0.802668  7.325  13.582  -0.077448  1.266395  -0.016101  S1_pocket
911  119.16  1  0.840382  7.039  12.708  -0.503022  1.254216  -0.021156  S1_pocket
912  113.24  1  0.853261  7.635  12.667  -0.590217  1.213077  -0.015038  S1_pocket
913  112.61  1  0.833038  6.545  13.418  -0.291993  1.255990  -0.015489  S1_pocket
914  113.20  1  0.878408  7.175  12.245  -0.432341  1.166104  -0.018967  S1_pocket
915  125.02  1  0.823230  6.386  13.580  -0.290555  1.260706  -0.013451  S1_pocket
916  116.75  1  0.859631  7.146  12.380  -0.324933  1.167754  -0.022384  S1_pocket
917  138.33  1  0.798431  6.346  14.432  0.045114  1.319176  -0.018460  S1_pocket
918  146.51  1  0.808469  7.356  14.269  0.143838  1.244862  -0.022686  S1_pocket
919  119.35  1  0.861919  6.273  13.177  -0.204511  1.197691  -0.022759  S1_pocket
920  115.78  1  0.864656  6.480  13.184  -0.417633  1.225607  -0.021840  S1_pocket
921  110.42  1  0.811599  6.564  12.209  -0.386138  1.238120  -0.021381  S1_pocket
922  122.44  1  0.830607  6.568  12.116  -0.347600  1.177383  -0.033679  S1_pocket
923  114.41  1  0.839095  7.300  11.916  -0.629781  1.170899  0.000674  S1_pocket
924  106.60  1  0.817958  7.192  12.059  -0.530179  1.197296  -0.011893  S1_pocket
925  115.19  1  0.839497  7.172  12.009  -0.639114  1.200704  -0.013943  S1_pocket
926  140.08  1  0.838785  6.628  15.056  0.012201  1.259225  -0.030207  S1_pocket
927  131.52  1  0.833049  6.433  13.371  -0.118465  1.207581  -0.025742  S1_pocket
928  127.23  1  0.843953  6.621  12.915  -0.325093  1.200814  -0.018628  S1_pocket
929  139.53  1  0.817157  6.187  13.449  -0.105622  1.246781  -0.010242  S1_pocket
930  115.12  1  0.830936  7.076  14.144  -0.428652  1.285288  -0.010688  S1_pocket
931  135.80  1  0.826565  6.456  13.579  -0.369445  1.210129  -0.023339  S1_pocket
932  118.21  1  0.835587  6.801  13.345  -0.193312  1.220078  -0.019033  S1_pocket
933  131.55  1  0.845613  6.978  12.700  -0.418426  1.222033  -0.025183  S1_pocket
934  124.32  1  0.840085  7.145  11.980  -0.544398  1.223151  -0.011207  S1_pocket
935  113.17  1  0.860618  8.297  13.083  -0.349061  1.210219  0.001430  S1_pocket
936  117.26  1  0.817013  6.415  13.093  -0.527610  1.247323  -0.017364  S1_pocket
937  128.51  1  0.814719  6.688  14.043  -0.209554  1.257341  -0.021101  S1_pocket
938  158.70  0  0.792628  6.619  13.384  -0.169587  1.174630  -0.024848  S1_pocket
939  132.45  1  0.855038  7.020  12.379  -0.371185  1.104279  -0.014951  S1_pocket
940  138.32  1  0.834374  6.234  13.491  -0.233460  1.164867  -0.014419  S1_pocket
941  106.57  1  0.834404  6.139  13.517  -0.108082  1.165027  -0.016514  S1_pocket
942  125.73  1  0.824214  6.741  11.771  -0.611732  1.145024  -0.015737  S1_pocket
943  130.28  1  0.811363  5.989  13.678  -0.263772  1.212655  -0.010910  S1_pocket
944  138.44  1  0.822290  6.143  14.097  -0.287286  1.194154  -0.020485  S1_pocket
945  109.25  1  0.865368  7.185  12.689  -0.444664  1.105278  -0.002618  S1_pocket
946  118.81  1  0.846601  7.754  11.737  -0.490922  1.048526  -0.022175  S1_pocket
947  107.01  1  0.871211  7.360  11.972  -0.570521  1.118391  -0.003208  S1_pocket
948  136.23  1  0.845137  6.504  12.561  -0.529677  1.127335  -0.015384  S1_pocket
949  113.65  1  0.810700  6.409  12.475  -0.653550  1.206600  -0.015908  S1_pocket
950  108.22  1  0.866877  6.778  11.681  -0.471047  1.140761  -0.025000  S1_pocket
951  123.33  1  0.807074  6.082  13.160  -0.338177  1.208720  -0.017158  S1_pocket
952  129.38  1  0.851507  6.866  11.634  -0.435849  1.117395  -0.017085  S1_pocket
953  117.25  1  0.854796  6.371  12.418  -0.317165  1.118407  -0.008428  S1_pocket
954  123.03  1  0.839016  6.865  12.969  -0.420046  1.168422  0.001322  S1_pocket
955  131.92  1  0.837087  6.658  13.271  -0.442124  1.176389  -0.009469  S1_pocket
956  127.16  1  0.849527  6.691  13.640  -0.374193  1.169609  -0.010338  S1_pocket
957  129.74  1  0.809432  6.494  13.939  -0.149123  1.179075  -0.026085  S1_pocket
958  119.74  1  0.857844  6.893  13.085  -0.511607  1.178394  -0.014415  S1_pocket
959  116.94  1  0.849470  7.615  13.006  -0.364055  1.147421  -0.007139  S1_pocket
960  98.89  1  0.856299  7.848  12.018  -0.693802  1.177156  -0.004138  S1_pocket
961  139.45  1  0.845917  6.660  13.530  0.083162  1.161480  -0.011893  S1_pocket
962  126.84  1  0.831687  6.832  13.062  -0.222582  1.183666  -0.017941  S1_pocket
963  111.95  1  0.827885  6.193  12.921  -0.508266  1.168673  -0.009956  S1_pocket
964  126.77  1  0.824540  6.566  12.160  -0.453621  1.163539  -0.016762  S1_pocket
965  131.63  1  0.820433  6.774  13.373  -0.250779  1.197648  -0.013145  S1_pocket
966  95.57  1  0.862497  7.647  11.060  -0.848223  1.110666  -0.004388  S1_pocket
967  110.90  1  0.874795  6.889  12.494  -0.581855  1.132618  -0.018962  S1_pocket
968  115.17  1  0.826090  6.778  12.898  -0.390158  1.202867  -0.017680  S1_pocket
969  143.34  1  0.829182  5.832  12.100  -0.322472  1.108887  -0.015470  S1_pocket
970  114.25  1  0.837994  6.849  13.288  -0.441174  1.212992  -0.011324  S1_pocket
971  117.09  1  0.844105  6.401  11.547  -0.586214  1.121713  -0.024323  S1_pocket
972  118.15  1  0.849935  6.370  13.884  -0.106426  1.196186  -0.010298  S1_pocket
973  109.21  1  0.856325  7.202  13.154  -0.432301  1.161237  -0.010056  S1_pocket
974  117.03  1  0.853873  6.868  12.146  -0.501629  1.134698  -0.030792  S1_pocket
975  123.18  1  0.828430  6.893  13.506  -0.140471  1.175919  -0.011194  S1_pocket
976  120.53  1  0.849151  6.529  13.507  -0.166534  1.190344  -0.021653  S1_pocket
977  128.63  1  0.834783  6.573  14.167  -0.209271  1.211272  -0.014894  S1_pocket
978  125.81  1  0.826925  7.068  12.273  -0.511213  1.170370  -0.017865  S1_pocket
979  109.05  1  0.829458  6.879  11.851  -0.727900  1.197915  -0.007329  S1_pocket
980  123.80  1  0.803936  7.421  13.669  -0.261954  1.257242  -0.014136  S1_pocket
981  106.84  1  0.836289  7.559  12.029  -0.731106  1.148536  -0.005386  S1_pocket
982  117.14  1  0.822040  7.218  12.022  -0.616511  1.162080  -0.012998  S1_pocket
983  136.44  1  0.820977  6.462  13.299  -0.083261  1.132301  -0.013459  S1_pocket
984  119.98  1  0.837017  6.565  13.660  0.057561  1.126417  -0.019739  S1_pocket
985  131.99  1  0.825626  6.185  14.108  -0.218338  1.185294  -0.013456  S1_pocket
986  111.24  1  0.838102  6.787  12.728  -0.550359  1.140239  -0.020265  S1_pocket
987  123.23  1  0.818565  6.912  13.093  -0.494478  1.164271  -0.011901  S1_pocket
988  132.46  1  0.825449  6.459  13.890  -0.044657  1.169045  -0.017540  S1_pocket
989  123.06  1  0.871755  6.868  11.997  -0.575078  1.126331  -0.017481  S1_pocket
990  117.97  1  0.839475  6.342  12.404  -0.470429  1.170060  -0.021219  S1_pocket
991  115.29  1  0.845088  7.106  13.010  -0.627546  1.193430  -0.015550  S1_pocket
992  132.86  1  0.836879  7.036  13.469  -0.079357  1.153231  -0.010988  S1_pocket
993  101.78  1  0.839976  7.262  12.606  -0.580733  1.141215  -0.011925  S1_pocket
994  122.77  1  0.823737  6.891  13.111  -0.315073  1.159030  -0.014303  S1_pocket
995  129.83  1  0.856774  6.784  12.295  -0.581623  1.150155  -0.022649  S1_pocket
996  107.77  1  0.844058  7.296  13.084  -0.338966  1.224591  -0.007732  S1_pocket
997  120.74  1  0.819853  6.620  14.150  -0.142497  1.266567  -0.008480  S1_pocket
998  124.66  1  0.826786  6.119  13.206  -0.266768  1.201941  -0.009324  S1_pocket
999  149.13  1  0.823716  6.587  13.446  -0.164096  1.189586  -0.007848  S1_pocket
1000  123.97  1  0.804838  6.475  13.808  -0.007020  1.237802  -0.009089  S1_pocket
