# GMM n=4 pocket classification, T=45C
# Classes: S1_pocket, S3_pocket, surface, extended
# frame  chi2  chi2_state  wcn  d_S1  d_S3  M  dist_nm  Q_p  class
0  83.99  1  0.885087  11.456  8.025  0.050290  0.574232  -0.009534  surface
1  71.09  1  0.794445  10.752  10.351  0.669129  0.820884  -0.028187  surface
2  -125.25  3  0.894928  12.728  7.226  -0.748706  0.768345  -0.010427  S3_pocket
3  -123.98  3  0.885683  12.594  7.763  -0.785900  0.806131  -0.007127  S3_pocket
4  -116.93  3  0.857267  11.877  9.889  -0.866860  0.888344  -0.010880  S3_pocket
5  -124.72  3  0.898143  11.501  9.340  -0.666753  0.884279  -0.010230  S3_pocket
6  -131.96  3  0.913246  11.070  9.434  -0.623175  0.854322  -0.005553  S3_pocket
7  -106.73  3  0.877031  11.180  9.654  -0.793707  0.879029  -0.004874  S3_pocket
8  -118.87  3  0.780185  11.666  9.638  -0.773600  1.017863  -0.001774  S3_pocket
9  -104.15  3  0.919153  12.681  7.049  -0.602264  0.727192  -0.008367  S3_pocket
10  -122.17  3  0.859357  11.808  8.526  -0.718806  0.825351  -0.039419  S3_pocket
11  -134.67  3  0.879584  11.662  8.700  -0.789035  0.834643  -0.008204  S3_pocket
12  -119.37  3  0.883367  12.376  7.625  -0.725395  0.792864  -0.016024  S3_pocket
13  -111.41  3  0.872713  11.670  7.999  -0.598830  0.854896  -0.002113  S3_pocket
14  -106.62  3  0.841441  11.389  9.338  -0.767224  0.877864  -0.019373  S3_pocket
15  -111.84  3  0.905953  13.137  8.712  -0.527927  0.758780  -0.021562  S3_pocket
16  -110.80  3  0.881423  12.145  7.440  -0.680515  0.749426  -0.005006  S3_pocket
17  -140.78  3  0.865693  13.167  7.451  -0.762135  0.792469  -0.019262  S3_pocket
18  -91.02  3  0.832476  11.347  8.366  -0.792154  0.835396  -0.023395  S3_pocket
19  -109.63  3  0.907201  12.494  7.360  -0.671664  0.747834  -0.024643  S3_pocket
20  -85.04  2  0.841395  10.862  8.089  -0.142089  0.841992  0.010284  surface
21  -118.25  3  0.947826  12.822  8.421  -0.262313  0.704826  -0.023360  S3_pocket
22  -99.61  3  0.943265  13.175  7.581  -0.301475  0.691960  -0.015632  S3_pocket
23  -120.64  3  0.902404  12.870  6.772  -0.337781  0.645664  -0.021276  S3_pocket
24  -90.85  3  0.946165  13.111  7.162  -0.387495  0.615771  -0.008405  S3_pocket
25  -99.03  3  0.949491  13.107  7.364  -0.442261  0.688644  0.002548  S3_pocket
26  -104.79  3  0.910336  12.649  8.269  -0.319016  0.779697  -0.013246  S3_pocket
27  -98.18  3  0.973131  13.077  6.754  -0.241695  0.665470  -0.007609  S3_pocket
28  -119.07  3  0.973230  13.292  6.769  -0.282699  0.685882  -0.005278  S3_pocket
29  -109.46  3  0.977708  13.326  7.630  -0.159053  0.662632  -0.007518  S3_pocket
30  -99.91  3  0.942064  13.324  7.641  -0.426944  0.719443  -0.005620  S3_pocket
31  -108.67  3  0.871869  12.310  7.819  -0.657770  0.823439  -0.017153  S3_pocket
32  -124.24  3  0.952967  12.981  8.751  0.058652  0.750070  -0.033228  S3_pocket
33  -134.35  3  0.956926  12.928  8.580  -0.056354  0.691476  -0.009722  S3_pocket
34  -122.60  3  0.849454  12.401  8.120  -0.608177  0.741970  -0.008019  S3_pocket
35  -137.23  3  0.899349  12.865  8.216  -0.180402  0.736084  -0.004874  S3_pocket
36  -81.98  2  0.933358  13.351  6.577  -0.449003  0.690120  -0.039202  S3_pocket
37  -117.93  3  0.892465  13.226  8.412  -0.402365  0.747783  -0.016565  S3_pocket
38  -116.47  3  0.936720  12.972  7.379  -0.267976  0.729656  -0.025932  S3_pocket
39  -106.29  3  0.935715  13.280  7.123  -0.071783  0.644363  -0.009698  S3_pocket
40  -112.62  3  0.920197  13.185  7.867  -0.319814  0.723723  -0.012321  S3_pocket
41  -96.62  3  0.924546  13.003  7.195  -0.281248  0.682395  -0.043729  S3_pocket
42  -128.40  3  0.884028  13.156  7.696  -0.091197  0.778017  -0.035966  S3_pocket
43  -123.05  3  0.856062  12.182  8.243  -0.217686  0.914221  -0.010508  S3_pocket
44  -102.23  3  0.935878  13.016  7.377  -0.177247  0.701868  -0.031937  S3_pocket
45  -117.23  3  0.938079  13.090  7.201  0.005782  0.671555  -0.020286  S3_pocket
46  -94.23  3  0.933309  13.160  7.364  -0.400568  0.661640  -0.024530  S3_pocket
47  -112.58  3  0.903333  12.851  7.062  -0.370036  0.700608  -0.042216  S3_pocket
48  -103.65  3  0.934923  13.277  6.350  -0.420227  0.670741  -0.038620  S3_pocket
49  -114.58  3  0.908532  13.255  6.992  -0.463371  0.749311  -0.015112  S3_pocket
50  -123.32  3  0.883275  13.404  7.069  -0.149228  0.791758  -0.045886  S3_pocket
51  -120.47  3  0.916464  12.903  7.205  -0.323325  0.672024  -0.027159  S3_pocket
52  -91.99  3  0.961843  13.013  6.284  -0.302284  0.679243  -0.044426  S3_pocket
53  -98.79  3  0.942353  13.385  6.980  -0.197496  0.681714  -0.034574  S3_pocket
54  -116.53  3  0.878630  13.131  7.527  -0.574585  0.761548  -0.010809  S3_pocket
55  -96.53  3  0.945937  13.410  7.420  -0.048415  0.714643  -0.047785  S3_pocket
56  -108.25  3  0.936933  12.741  7.278  -0.103356  0.659930  -0.035677  S3_pocket
57  -128.92  3  0.929295  12.842  6.842  -0.180281  0.703637  -0.031113  S3_pocket
58  -109.95  3  0.931413  13.547  6.941  -0.360935  0.773050  -0.049617  S3_pocket
59  -110.77  3  0.954862  12.524  7.192  -0.031972  0.708285  -0.037773  S3_pocket
60  -120.36  3  0.952359  12.071  6.782  -0.002684  0.688859  -0.026504  S3_pocket
61  -118.13  3  0.986470  12.247  7.419  0.059463  0.619750  -0.022863  S3_pocket
62  -109.89  3  0.980480  12.279  6.752  -0.010430  0.644645  -0.030071  S3_pocket
63  -106.07  3  0.978471  12.185  7.319  -0.173749  0.642288  -0.037595  S3_pocket
64  -124.64  3  0.938968  11.353  7.276  -0.262855  0.717435  -0.040712  S3_pocket
65  -108.89  3  0.963441  12.120  7.416  -0.230593  0.729559  -0.025292  S3_pocket
66  -110.71  3  0.989377  11.421  6.701  -0.353641  0.666654  -0.036881  S3_pocket
67  -92.06  3  0.971946  12.317  6.591  -0.336820  0.654362  -0.032759  S3_pocket
68  -113.59  3  0.989391  11.886  6.554  -0.309066  0.638890  -0.036342  S3_pocket
69  -95.57  3  0.998917  12.553  6.640  -0.381878  0.648332  -0.038403  S3_pocket
70  -98.03  3  0.971828  12.069  6.324  -0.346184  0.687535  -0.033405  S3_pocket
71  -104.10  3  0.922788  12.666  7.239  -0.172564  0.677870  -0.051192  S3_pocket
72  -101.80  3  0.960866  13.092  7.925  -0.271966  0.674509  -0.010865  S3_pocket
73  -95.75  3  0.945363  13.417  7.425  -0.179244  0.699915  -0.038535  S3_pocket
74  -119.81  3  0.957900  13.257  7.520  0.074540  0.613807  -0.014869  S3_pocket
75  -112.98  3  0.899073  13.363  7.247  -0.262984  0.727277  -0.045015  S3_pocket
76  -100.64  3  0.893506  12.917  8.062  -0.622721  0.797121  -0.009945  S3_pocket
77  -108.63  3  0.884290  12.664  7.302  -0.519475  0.748004  -0.037380  S3_pocket
78  -105.86  3  0.933165  13.404  7.366  -0.339022  0.731649  -0.020913  S3_pocket
79  -126.45  3  0.922398  11.615  7.695  -0.618403  0.773298  -0.018708  S3_pocket
80  -86.62  2  0.937374  11.637  9.705  0.165800  0.798488  -0.014120  surface
81  -104.43  3  0.955548  11.871  7.534  -0.105202  0.678854  -0.037713  S3_pocket
82  -91.83  3  0.959671  12.042  6.994  -0.309921  0.728457  -0.040569  S3_pocket
83  -79.73  2  1.033507  11.990  5.602  -0.200838  0.619923  -0.029783  S3_pocket
84  -97.55  3  0.965449  12.606  7.284  -0.237643  0.701104  -0.025181  S3_pocket
85  -87.06  2  0.987642  12.881  6.803  -0.182539  0.695948  -0.030558  S3_pocket
86  -134.89  3  0.963053  11.587  8.494  -0.219059  0.750985  -0.002065  S3_pocket
87  -105.38  3  0.947534  12.050  8.343  -0.187694  0.767689  -0.018665  S3_pocket
88  -99.31  3  0.936993  10.829  7.732  -0.186463  0.773399  -0.045465  S3_pocket
89  -85.91  2  0.976866  11.677  7.243  -0.375163  0.726920  -0.022124  S3_pocket
90  -104.18  3  0.955975  11.741  7.894  -0.329910  0.769141  -0.016421  S3_pocket
91  -73.30  2  0.981079  11.960  7.536  -0.189457  0.714328  -0.009920  S3_pocket
92  -98.71  3  0.937651  11.834  7.716  -0.248362  0.762289  -0.020209  S3_pocket
93  -88.05  2  0.952086  12.269  7.867  -0.223429  0.757485  -0.016202  S3_pocket
94  -90.67  3  0.981881  12.359  7.085  0.030651  0.689374  -0.035035  S3_pocket
95  -98.01  3  0.958605  12.846  7.952  -0.001083  0.712238  -0.007356  S3_pocket
96  -98.85  3  0.915162  11.217  7.521  -0.587547  0.810770  -0.023838  S3_pocket
97  -97.08  3  0.885587  11.335  8.102  -0.702117  0.865577  -0.022964  S3_pocket
98  -104.69  3  0.853864  11.217  8.547  -0.931118  0.979817  -0.009763  S3_pocket
99  -107.83  3  0.883736  12.334  8.977  -0.702035  0.908664  -0.019936  S3_pocket
100  -119.95  3  0.841830  10.906  9.203  -0.782958  1.010853  -0.007474  S3_pocket
101  -109.72  3  0.878336  11.247  9.322  -0.793810  0.854963  -0.009449  S3_pocket
102  -117.30  3  0.921366  11.370  7.757  -0.783593  0.802801  -0.000782  S3_pocket
103  -130.25  3  0.959319  11.621  7.067  -0.749169  0.725084  -0.003803  S3_pocket
104  -96.79  3  0.924811  11.186  8.108  -0.815936  0.832789  0.001391  S3_pocket
105  -117.36  3  0.953793  11.485  7.241  -0.382157  0.729224  -0.012331  S3_pocket
106  -147.31  3  0.974922  11.425  7.465  -0.485736  0.747661  -0.003139  S3_pocket
107  -132.17  3  0.978321  11.595  7.997  -0.509796  0.778637  -0.008293  S3_pocket
108  -116.35  3  0.938714  11.492  7.590  -0.689719  0.778198  -0.008350  S3_pocket
109  -139.99  3  0.922777  11.101  8.365  -0.585193  0.861337  -0.009390  S3_pocket
110  -108.26  3  0.944116  11.189  8.996  -0.694583  0.861632  -0.016914  S3_pocket
111  -124.23  3  0.959853  11.226  8.517  -0.437726  0.723325  -0.011040  S3_pocket
112  -107.34  3  0.952502  11.736  9.409  -0.545825  0.857018  0.007355  S3_pocket
113  -94.09  3  0.980198  11.393  9.244  -0.716656  0.856261  -0.029431  S3_pocket
114  -112.93  3  0.927847  11.750  9.150  -0.806001  0.907973  -0.012775  S3_pocket
115  -148.72  3  0.937515  11.063  9.296  -0.455975  0.899714  -0.000633  S3_pocket
116  -128.55  3  0.954895  11.814  9.183  -0.593363  0.855603  -0.010326  S3_pocket
117  -114.80  3  0.896540  11.904  9.754  -0.721758  0.944561  -0.004309  S3_pocket
118  -111.77  3  0.942311  11.387  8.574  -0.584287  0.847889  0.009041  S3_pocket
119  -107.62  3  0.953425  11.252  9.159  -0.623647  0.834578  -0.018339  S3_pocket
120  -110.14  3  0.916740  10.928  8.414  -0.778134  0.871120  0.000522  S3_pocket
121  -105.30  3  0.865086  11.382  10.290  -0.741563  0.977196  -0.016373  S3_pocket
122  -100.48  3  0.923765  12.407  8.909  -0.698996  0.840558  -0.031948  S3_pocket
123  -126.14  3  0.899445  12.667  10.315  -0.657127  0.905554  -0.006333  S3_pocket
124  -95.97  3  0.924604  12.896  8.628  -0.643850  0.841964  -0.011416  S3_pocket
125  -105.51  3  0.898246  12.100  8.482  -0.596613  0.885702  -0.011721  S3_pocket
126  -108.01  3  0.882961  12.426  8.389  -0.704982  0.902173  -0.011779  S3_pocket
127  -121.43  3  0.869778  13.244  8.165  -0.630581  0.885161  -0.014394  S3_pocket
128  -126.65  3  0.892589  12.573  9.212  -0.653616  0.927487  -0.026760  S3_pocket
129  -123.52  3  0.883399  13.750  9.407  -0.488080  0.894321  -0.003915  S3_pocket
130  -108.23  3  0.876153  11.983  10.018  -0.756678  0.941764  -0.007484  S3_pocket
131  -118.50  3  0.906104  13.493  9.794  -0.653817  0.938065  -0.005574  S3_pocket
132  -119.18  3  0.886813  12.556  8.285  -0.599416  0.825028  -0.013393  S3_pocket
133  -100.39  3  0.865715  13.250  7.824  -0.851181  0.891864  -0.012023  S3_pocket
134  -115.86  3  0.926286  13.139  8.248  -0.550654  0.792150  -0.003007  S3_pocket
135  -104.85  3  0.775195  8.469  11.246  -0.925956  1.177138  -0.024448  S1_pocket
136  -104.42  3  0.831168  8.647  10.562  -0.952957  1.104177  -0.000769  S1_pocket
137  -126.57  3  0.810214  8.570  10.704  -0.923536  1.124031  -0.011312  S1_pocket
138  -118.46  3  0.860220  8.495  11.466  -0.937157  1.170682  -0.008511  S1_pocket
139  -110.38  3  0.914171  8.695  9.970  -0.806380  1.031745  -0.010811  S1_pocket
140  -117.36  3  0.849380  8.556  10.412  -0.850140  1.093366  0.004015  S1_pocket
141  -120.42  3  0.872740  8.404  10.108  -0.820917  1.041710  0.005034  S1_pocket
142  -115.75  3  0.876630  8.602  10.281  -0.813042  1.059068  -0.029391  S1_pocket
143  -127.56  3  0.856590  7.929  11.557  -0.778993  1.102817  -0.009121  S1_pocket
144  -115.66  3  0.864997  8.935  10.488  -0.684280  0.979119  0.000299  S3_pocket
145  -100.60  3  0.864778  8.533  10.151  -0.917561  1.072062  -0.043597  S1_pocket
146  -116.75  3  0.895946  8.824  10.743  -0.839251  1.059366  -0.011242  S1_pocket
147  -118.49  3  0.850520  8.632  9.563  -0.862467  1.107213  0.002146  S1_pocket
148  -115.29  3  0.853964  8.810  11.479  -0.775077  1.112349  -0.012586  S1_pocket
149  -136.63  3  0.817791  9.079  10.444  -0.846152  1.124953  0.003312  S1_pocket
150  -137.97  3  0.877752  8.228  10.443  -0.736146  1.081449  0.003038  S1_pocket
151  -130.72  3  0.890801  10.904  9.369  -0.751083  0.958592  -0.005231  S3_pocket
152  -126.76  3  0.853274  10.248  9.649  -0.882285  1.080556  -0.007710  S3_pocket
153  -133.35  3  0.843928  8.498  10.649  -0.909273  1.159516  -0.005591  S1_pocket
154  -133.79  3  0.851743  9.230  10.496  -0.786339  1.114891  -0.001865  S1_pocket
155  -117.81  3  0.857959  8.897  10.355  -0.795893  1.119879  -0.016020  S1_pocket
156  -123.73  3  0.828538  9.480  10.265  -0.910819  1.150533  -0.007340  S3_pocket
157  -121.17  3  0.863066  9.207  10.391  -0.886230  1.100951  -0.005634  S1_pocket
158  -115.39  3  0.841680  8.886  10.598  -0.923351  1.141764  -0.005600  S1_pocket
159  -122.56  3  0.913529  8.829  9.344  -0.818183  1.029147  -0.031967  S1_pocket
160  -112.66  3  0.882795  9.113  10.016  -0.822721  1.072504  -0.020586  S1_pocket
161  -135.08  3  0.899201  9.085  10.599  -0.704483  1.079745  -0.009430  S1_pocket
162  -104.67  3  0.859201  8.228  11.133  -0.886534  1.194253  -0.015776  S1_pocket
163  -138.13  3  0.891743  9.421  10.656  -0.750015  1.097615  0.003582  S1_pocket
164  -106.98  3  0.882879  8.497  10.618  -0.817368  1.101945  -0.006487  S1_pocket
165  -111.73  3  0.928305  8.665  10.191  -0.901825  1.090870  -0.009416  S1_pocket
166  -100.25  3  0.830509  7.867  11.308  -0.862846  1.218324  -0.032472  S1_pocket
167  -100.98  3  0.849959  8.888  10.009  -0.959635  1.113337  0.003189  S1_pocket
168  -118.11  3  0.921910  9.075  9.717  -0.795633  1.039780  -0.004186  S1_pocket
169  -136.39  3  0.864689  8.836  10.719  -0.899130  1.152720  -0.004131  S1_pocket
170  -92.06  3  0.853052  8.651  10.632  -0.964242  1.169051  -0.002905  S1_pocket
171  -121.72  3  0.864457  7.637  11.737  -0.898168  1.233574  -0.005506  S1_pocket
172  -112.51  3  0.902534  9.785  10.059  -0.770241  1.073196  -0.009739  S1_pocket
173  -114.66  3  0.848282  8.789  10.841  -0.964687  1.202793  -0.005277  S1_pocket
174  -109.97  3  0.902821  8.778  10.436  -0.864520  1.087905  -0.009982  S1_pocket
175  -114.82  3  0.856802  8.798  10.304  -0.927228  1.131618  -0.005378  S1_pocket
176  -128.83  3  0.840827  8.800  10.930  -0.729854  1.162235  0.006947  S1_pocket
177  -135.04  3  0.857966  9.063  10.886  -0.787034  1.178476  0.005098  S1_pocket
178  -133.60  3  0.857932  8.277  10.679  -0.811752  1.151801  -0.006664  S1_pocket
179  -112.64  3  0.887399  8.939  10.349  -0.886597  1.082591  -0.008540  S1_pocket
180  -121.71  3  0.894486  8.257  10.120  -0.861965  1.072028  -0.019467  S1_pocket
181  -110.14  3  0.935667  9.039  9.940  -0.770377  1.002840  -0.003414  S1_pocket
182  -111.45  3  0.878657  8.861  10.188  -0.861231  1.094118  -0.008901  S1_pocket
183  -130.36  3  0.812541  8.503  10.807  -0.858475  1.157363  -0.009476  S1_pocket
184  -118.12  3  0.845928  8.682  10.927  -0.920124  1.117503  -0.007526  S1_pocket
185  -105.07  3  0.897846  8.935  10.025  -0.841753  1.077346  -0.028650  S1_pocket
186  -109.36  3  0.878674  8.480  10.230  -0.867225  1.118181  -0.025910  S1_pocket
187  -126.34  3  0.869412  8.883  10.691  -0.873595  1.099311  -0.027381  S1_pocket
188  -114.49  3  0.854322  9.127  10.805  -0.853597  1.131247  -0.014499  S1_pocket
189  -112.10  3  0.866277  8.759  10.648  -0.775660  1.143164  -0.020483  S1_pocket
190  -115.57  3  0.881196  8.524  10.915  -0.795621  1.136832  -0.022335  S1_pocket
191  -118.70  3  0.909624  8.440  10.167  -0.729130  1.041205  -0.020963  S1_pocket
192  -126.39  3  0.924956  8.484  10.030  -0.738850  1.053585  -0.026140  S1_pocket
193  -131.85  3  0.875929  8.774  10.547  -0.777795  1.155844  -0.019875  S1_pocket
194  -126.61  3  0.884412  8.744  10.789  -0.807705  1.142655  -0.020261  S1_pocket
195  -115.85  3  0.914889  8.587  10.438  -0.835870  1.088917  -0.006332  S1_pocket
196  -114.05  3  0.913636  8.365  9.863  -0.815520  1.053421  -0.024125  S1_pocket
197  -115.30  3  0.868739  8.831  9.809  -0.802576  1.103926  -0.022992  S1_pocket
198  -119.16  3  0.878683  8.526  10.441  -0.803276  1.086379  -0.021299  S1_pocket
199  -118.71  3  0.920660  8.648  9.555  -0.653137  1.010454  -0.027393  S1_pocket
200  -114.14  3  0.908369  8.443  9.585  -0.766994  1.024064  -0.019542  S1_pocket
201  -113.38  3  0.884449  8.449  11.372  -0.785072  1.130777  -0.018693  S1_pocket
202  -115.57  3  0.908456  8.807  10.400  -0.754343  1.056254  -0.027534  S1_pocket
203  -120.03  3  0.898094  9.526  10.231  -0.687348  1.041641  -0.000659  S1_pocket
204  -114.04  3  0.841012  8.472  10.440  -0.872505  1.189987  -0.024153  S1_pocket
205  -127.42  3  0.840730  8.329  11.470  -0.799933  1.173362  -0.013826  S1_pocket
206  -119.60  3  0.866447  8.519  10.844  -0.857387  1.130730  -0.036361  S1_pocket
207  -117.04  3  0.916151  8.563  9.724  -0.814479  1.055153  -0.022092  S1_pocket
208  -130.44  3  0.898594  8.943  10.320  -0.715646  1.084619  -0.002868  S1_pocket
209  -110.13  3  0.857791  8.014  10.532  -0.879558  1.158094  -0.017549  S1_pocket
210  -126.20  3  0.866109  8.930  10.418  -0.841727  1.138585  -0.010295  S1_pocket
211  -114.59  3  0.891334  8.755  11.748  -0.728509  1.158383  -0.021149  S1_pocket
212  -133.50  3  0.844543  8.498  11.331  -0.798035  1.179296  -0.021130  S1_pocket
213  -107.77  3  0.895870  9.012  10.042  -0.876283  1.092310  -0.015620  S1_pocket
214  -134.78  3  0.857162  8.689  11.271  -0.816623  1.147135  -0.012099  S1_pocket
215  -140.29  3  0.924573  9.002  10.097  -0.751843  1.043965  -0.006770  S1_pocket
216  -128.25  3  0.858773  8.718  10.741  -0.832612  1.154550  -0.007614  S1_pocket
217  -128.84  3  0.872141  8.834  10.161  -0.761535  1.120278  0.007324  S1_pocket
218  -122.65  3  0.846239  8.335  10.756  -0.866175  1.178746  -0.010107  S1_pocket
219  -125.79  3  0.888211  8.443  10.196  -0.798580  1.090498  -0.021594  S1_pocket
220  -103.12  3  0.898090  8.452  10.697  -0.802298  1.086746  -0.021206  S1_pocket
221  -125.75  3  0.881190  8.268  11.064  -0.731117  1.100558  -0.007162  S1_pocket
222  -104.11  3  0.889377  8.199  10.296  -0.804741  1.071779  -0.014351  S1_pocket
223  -121.38  3  0.862432  8.289  11.595  -0.837736  1.147615  -0.025590  S1_pocket
224  -96.15  3  0.868210  8.242  10.966  -0.876392  1.139806  -0.034802  S1_pocket
225  -110.90  3  0.878641  8.638  11.053  -0.815536  1.111057  -0.025837  S1_pocket
226  -138.66  3  0.886530  8.785  10.118  -0.720872  1.063952  -0.006243  S1_pocket
227  -110.31  3  0.900350  8.604  10.224  -0.744416  1.053593  -0.032315  S1_pocket
228  -109.35  3  0.878714  8.453  10.157  -0.770742  1.043650  -0.027520  S1_pocket
229  -100.24  3  0.885336  8.584  10.521  -0.814902  1.106610  -0.025951  S1_pocket
230  -118.81  3  0.903232  8.709  9.871  -0.797078  1.078488  -0.012108  S1_pocket
231  -122.26  3  0.889441  8.899  10.038  -0.613262  1.001928  -0.023605  S1_pocket
232  -112.42  3  0.903550  11.254  9.588  -0.747462  0.981422  -0.023670  S3_pocket
233  -111.65  3  0.908452  9.014  9.810  -0.787650  1.032162  -0.029541  S1_pocket
234  -98.71  3  0.859204  8.727  10.692  -0.876261  1.125414  -0.020312  S1_pocket
235  -125.23  3  0.875195  8.463  10.869  -0.733056  1.090495  -0.015234  S1_pocket
236  -135.22  3  0.892833  8.354  10.233  -0.787013  1.018088  -0.021039  S1_pocket
237  -115.82  3  0.868383  9.413  10.584  -0.841691  1.097656  -0.003737  S1_pocket
238  -105.62  3  0.885721  10.574  10.124  -0.780881  1.029329  -0.022971  S3_pocket
239  -122.94  3  0.877314  9.217  10.160  -0.763194  1.025066  -0.011530  S1_pocket
240  -119.96  3  0.858868  8.569  11.613  -0.855093  1.125159  0.000693  S1_pocket
241  -116.05  3  0.874117  9.063  10.833  -0.771606  1.054403  0.004841  S1_pocket
242  -126.48  3  0.875052  8.262  10.135  -0.884905  1.099696  -0.010390  S1_pocket
243  -134.54  3  0.946503  9.241  8.914  -0.689806  0.939988  -0.008783  S1_pocket
244  -110.18  3  0.889411  8.672  10.023  -0.870865  1.038897  -0.002856  S1_pocket
245  -102.42  3  0.857386  8.845  10.825  -0.757763  1.111342  -0.019885  S1_pocket
246  -114.97  3  0.876756  8.715  10.629  -0.797156  1.165018  -0.000142  S1_pocket
247  -109.41  3  0.843635  8.002  11.072  -0.754212  1.169767  -0.015557  S1_pocket
248  -111.77  3  0.868334  8.331  11.541  -0.788839  1.091459  0.000180  S1_pocket
249  -105.71  3  0.852750  10.805  9.602  -0.742411  1.028026  -0.018895  S3_pocket
250  -126.24  3  0.880451  8.779  10.700  -0.726756  1.102935  0.000696  S1_pocket
251  -90.47  3  0.908359  8.812  10.449  -0.800811  1.037789  -0.008327  S1_pocket
252  -119.01  3  0.868376  8.013  10.997  -0.861659  1.137062  -0.003957  S1_pocket
253  -112.84  3  0.900032  8.868  10.492  -0.829487  1.141347  -0.020861  S1_pocket
254  -114.55  3  0.893262  8.882  9.449  -0.850000  1.078757  -0.013160  S1_pocket
255  -130.01  3  0.866264  9.760  9.694  -0.933792  1.090102  0.002156  S3_pocket
256  -134.63  3  0.858584  12.145  9.758  -0.745596  1.028087  -0.003442  S3_pocket
257  -135.17  3  0.877477  11.424  9.679  -0.879574  1.045381  -0.003750  S3_pocket
258  -109.68  3  0.862988  11.371  9.512  -0.877629  1.065121  -0.001403  S3_pocket
259  -141.00  3  0.846478  11.723  9.745  -0.907136  1.071703  0.002410  S3_pocket
260  -104.41  3  0.905714  11.690  8.500  -0.937307  0.941912  -0.004896  S3_pocket
261  -78.88  2  0.799848  6.146  11.675  -0.179644  1.215761  0.004150  S1_pocket
262  -89.92  2  0.766853  6.021  13.310  -0.408596  1.311163  -0.007321  S1_pocket
263  -81.26  2  0.863191  8.207  10.789  -0.960405  1.128611  -0.010390  S1_pocket
264  -95.64  3  0.757225  6.285  12.516  -0.360773  1.293041  -0.019702  S1_pocket
265  -89.14  2  0.789354  6.643  12.237  -0.365156  1.243596  -0.012409  S1_pocket
266  -78.71  2  0.791802  6.406  11.992  -0.527528  1.247924  -0.013319  S1_pocket
267  -98.70  3  0.826603  7.143  11.837  -0.885521  1.203359  -0.010229  S1_pocket
268  -101.25  3  0.848860  7.480  10.528  -0.676136  1.136357  -0.007321  S1_pocket
269  -90.56  3  0.717358  7.170  13.316  -0.490247  1.388769  -0.010417  S1_pocket
270  -126.58  3  0.947719  11.524  7.352  -0.652718  0.837218  -0.015356  S3_pocket
271  -98.80  3  0.915492  12.144  5.913  -0.791408  0.824122  -0.030779  S3_pocket
272  -99.93  3  0.935105  12.312  5.227  -0.606085  0.720619  -0.013744  S3_pocket
273  -123.54  3  0.946609  12.629  6.388  -0.468809  0.688298  -0.012093  S3_pocket
274  -123.55  3  0.905405  12.394  5.070  -0.607284  0.733469  -0.012802  S3_pocket
275  -109.07  3  0.925785  12.437  6.337  -0.485940  0.724223  -0.012089  S3_pocket
276  -108.41  3  0.949467  12.133  5.500  -0.347561  0.677842  -0.021222  S3_pocket
277  -131.22  3  0.953518  12.331  6.120  -0.488058  0.703842  -0.012506  S3_pocket
278  -128.10  3  0.987438  11.889  5.122  -0.491151  0.633889  -0.021140  S3_pocket
279  -136.62  3  0.976076  12.346  5.867  -0.488491  0.686635  -0.017177  S3_pocket
280  -128.02  3  0.978525  12.212  5.609  -0.268109  0.683443  -0.015810  S3_pocket
281  -143.66  3  0.961006  12.388  5.357  -0.336749  0.608161  -0.001429  S3_pocket
282  -131.29  3  0.977232  12.054  5.552  -0.340874  0.636290  -0.014430  S3_pocket
283  -117.68  3  0.957327  12.065  5.430  -0.451272  0.644604  -0.022614  S3_pocket
284  -118.54  3  0.959763  12.955  4.634  -0.404787  0.639825  -0.024826  S3_pocket
285  -116.66  3  0.958614  12.237  5.225  -0.334374  0.634996  -0.019674  S3_pocket
286  -108.14  3  0.939437  11.881  6.458  -0.584966  0.737305  -0.007021  S3_pocket
287  -98.84  3  0.913190  12.331  5.480  -0.813382  0.781057  -0.033777  S3_pocket
288  -79.39  2  0.897868  11.961  5.522  -0.741206  0.813683  -0.013116  S3_pocket
289  -102.29  3  0.931628  11.715  6.526  -0.621684  0.796934  -0.023666  S3_pocket
290  -108.43  3  0.946013  11.790  6.345  -0.584345  0.787510  0.007068  S3_pocket
291  -117.29  3  0.910037  11.526  7.608  -0.714920  0.844845  -0.008019  S3_pocket
292  -113.65  3  0.952016  11.870  6.120  -0.526420  0.766599  -0.012309  S3_pocket
293  -117.40  3  0.932420  11.592  5.623  -0.551944  0.699212  -0.010086  S3_pocket
294  -105.46  3  0.976023  11.567  6.001  -0.490169  0.719660  -0.005490  S3_pocket
295  -120.24  3  0.926939  11.851  6.047  -0.702709  0.818251  0.005519  S3_pocket
296  -117.16  3  0.937381  12.274  6.121  -0.603121  0.798522  -0.023901  S3_pocket
297  -92.05  3  0.955632  12.324  5.764  -0.621858  0.706054  -0.010546  S3_pocket
298  -105.36  3  0.930001  11.412  6.693  -0.702989  0.886821  -0.011297  S3_pocket
299  -139.23  3  0.940585  11.361  6.643  -0.436392  0.775311  -0.001224  S3_pocket
300  -121.87  3  0.908422  11.629  5.837  -0.625286  0.821101  -0.002552  S3_pocket
301  -113.40  3  0.944330  11.792  5.378  -0.589931  0.748307  -0.020620  S3_pocket
302  -100.52  3  0.928804  12.079  6.261  -0.759010  0.805085  -0.012110  S3_pocket
303  -133.25  3  0.938491  11.888  5.423  -0.365960  0.765166  -0.003596  S3_pocket
304  -133.19  3  0.935143  11.843  5.222  -0.484493  0.709661  -0.005264  S3_pocket
305  -109.95  3  0.968442  12.430  5.583  -0.488442  0.733174  -0.015236  S3_pocket
306  -101.13  3  0.980050  12.416  6.176  -0.383957  0.681390  -0.006834  S3_pocket
307  -130.01  3  0.956405  12.874  6.437  -0.378487  0.764235  -0.011066  S3_pocket
308  -135.92  3  0.996866  13.171  5.385  -0.439300  0.673828  -0.025243  S3_pocket
309  -117.43  3  0.985650  12.863  4.237  -0.428611  0.672125  -0.016933  S3_pocket
310  -112.53  3  0.970714  12.889  4.875  -0.364203  0.624308  -0.009252  S3_pocket
311  -112.76  3  0.962399  13.213  4.426  -0.453170  0.655005  -0.027891  S3_pocket
312  -117.21  3  0.994729  13.617  4.899  -0.248055  0.612457  -0.026121  S3_pocket
313  -101.64  3  0.985123  13.002  5.110  -0.343674  0.673109  -0.022894  S3_pocket
314  -97.46  3  1.012098  12.866  4.154  -0.606386  0.647670  -0.036196  S3_pocket
315  -120.21  3  1.001971  12.748  4.672  -0.385875  0.653888  -0.027195  S3_pocket
316  -119.41  3  0.974605  12.473  4.904  -0.445894  0.682721  -0.017045  S3_pocket
317  -106.27  3  0.991090  13.444  4.577  -0.496090  0.688453  -0.028688  S3_pocket
318  -131.17  3  0.955349  12.621  5.434  -0.329322  0.655963  -0.014862  S3_pocket
319  -145.74  3  0.918178  11.401  5.683  -0.497109  0.747858  -0.007943  S3_pocket
320  -98.89  3  0.963277  11.978  5.008  -0.412787  0.662503  -0.011397  S3_pocket
321  -124.31  3  0.973052  12.076  5.280  -0.581592  0.708232  -0.013674  S3_pocket
322  -119.49  3  0.975535  11.630  4.775  -0.458067  0.633071  -0.017194  S3_pocket
323  -102.74  3  0.978369  12.558  4.111  -0.371988  0.598467  -0.036775  S3_pocket
324  -120.33  3  0.975626  11.560  4.935  -0.548882  0.667317  -0.009636  S3_pocket
325  -123.30  3  0.961602  12.108  4.809  -0.331696  0.653998  -0.009004  S3_pocket
326  -118.51  3  0.943344  11.766  4.860  -0.351745  0.689752  -0.017746  S3_pocket
327  -96.40  3  0.939653  11.778  4.303  -0.411292  0.667018  -0.018395  S3_pocket
328  -137.59  3  0.942356  11.971  5.027  -0.316768  0.662590  -0.005146  S3_pocket
329  -122.54  3  0.951417  11.495  5.168  -0.611794  0.734435  -0.009093  S3_pocket
330  -109.19  3  0.914857  12.068  5.661  -0.654264  0.821665  -0.009467  S3_pocket
331  -133.21  3  0.968181  11.634  5.549  -0.307505  0.689572  -0.004912  S3_pocket
332  -117.52  3  0.936741  11.500  5.994  -0.647476  0.774746  0.003243  S3_pocket
333  -110.21  3  0.874944  11.410  6.132  -0.916627  0.938934  -0.015124  S3_pocket
334  -145.35  3  0.969857  12.072  4.867  -0.697641  0.740470  0.003594  S3_pocket
335  -131.38  3  0.947166  12.125  5.035  -0.506575  0.734599  0.004935  S3_pocket
336  -104.94  3  0.932381  11.393  6.068  -0.863486  0.837111  -0.007895  S3_pocket
337  -148.33  3  0.946427  11.627  5.690  -0.625320  0.741659  -0.002113  S3_pocket
338  -105.05  3  0.884092  12.138  5.833  -0.821359  0.856394  -0.002299  S3_pocket
339  -133.38  3  0.938953  12.746  5.627  -0.111761  0.700060  -0.006733  S3_pocket
340  -116.49  3  0.897617  12.101  6.185  -0.813907  0.860162  -0.004627  S3_pocket
341  -125.69  3  0.944233  12.647  5.472  -0.459063  0.732560  -0.013189  S3_pocket
342  -140.70  3  0.927929  12.661  5.015  -0.571788  0.713927  -0.006538  S3_pocket
343  -121.49  3  0.931011  12.065  5.752  -0.674184  0.795536  -0.007467  S3_pocket
344  -129.44  3  0.939060  11.976  5.617  -0.320873  0.703847  -0.008537  S3_pocket
345  -119.19  3  0.907051  11.617  6.561  -0.994134  0.862380  -0.009419  S3_pocket
346  -134.52  3  0.951229  11.756  6.267  -0.757027  0.674071  -0.005226  S3_pocket
347  -144.62  3  0.894680  11.441  6.292  -0.646236  0.845706  -0.009568  S3_pocket
348  -103.88  3  0.920388  11.797  6.960  -0.945138  0.804418  -0.001131  S3_pocket
349  -138.68  3  0.898756  11.023  5.473  -0.588141  0.756854  -0.010857  S3_pocket
350  -99.71  3  0.932090  11.359  6.777  -0.966853  0.828462  -0.004663  S3_pocket
351  -106.26  3  0.935882  12.073  6.629  -0.632227  0.698112  -0.005951  S3_pocket
352  -96.42  3  0.914488  11.634  6.125  -0.965025  0.786846  -0.017340  S3_pocket
353  -90.46  3  0.879011  11.388  7.315  -0.952411  0.823366  -0.009918  S3_pocket
354  -129.03  3  0.942923  11.834  5.877  -0.586651  0.683539  -0.010711  S3_pocket
355  -109.68  3  0.906276  11.098  7.484  -0.958321  0.863207  -0.015573  S3_pocket
356  -106.66  3  0.948825  12.061  6.412  -0.919107  0.753808  -0.018842  S3_pocket
357  -124.41  3  0.977003  11.436  6.407  -0.660339  0.675943  -0.006743  S3_pocket
358  -107.00  3  0.937107  11.411  6.400  -0.866531  0.778694  -0.003293  S3_pocket
359  -108.34  3  0.937986  12.010  6.604  -0.881683  0.792868  0.000294  S3_pocket
360  -119.93  3  0.943362  11.265  7.063  -0.960460  0.847455  0.004419  S3_pocket
361  -112.65  3  0.950739  11.253  6.571  -0.908100  0.771821  -0.004279  S3_pocket
362  -120.43  3  0.978524  11.349  6.869  -0.594799  0.679415  -0.004960  S3_pocket
363  -82.63  2  0.954639  11.912  6.887  -0.935811  0.760932  -0.006314  S3_pocket
364  -90.72  3  0.967246  12.570  7.043  -0.783406  0.680451  -0.008475  S3_pocket
365  -90.02  3  0.963856  12.252  6.859  -0.782595  0.711749  -0.018238  S3_pocket
366  -109.80  3  0.967319  11.962  7.173  -0.806204  0.749434  -0.022984  S3_pocket
367  -103.43  3  0.949385  11.840  7.122  -0.847360  0.770207  -0.005452  S3_pocket
368  -95.45  3  0.949180  11.442  6.717  -0.913130  0.781581  -0.029464  S3_pocket
369  -100.99  3  0.962483  11.422  6.691  -0.922760  0.731234  0.000569  S3_pocket
370  -109.18  3  0.945738  11.432  6.614  -0.874034  0.768543  -0.016020  S3_pocket
371  -80.64  2  0.962665  11.853  6.710  -0.916340  0.763343  -0.034964  S3_pocket
372  -103.30  3  0.962062  12.065  6.686  -0.882463  0.713682  -0.017352  S3_pocket
373  -106.90  3  0.956989  11.445  6.543  -0.892052  0.759091  -0.016156  S3_pocket
374  -111.79  3  0.892614  11.405  7.160  -0.925960  0.922275  -0.007451  S3_pocket
375  -106.47  3  0.948022  11.385  6.479  -0.888356  0.816319  -0.017581  S3_pocket
376  -115.90  3  0.950643  11.367  6.249  -0.893189  0.829379  -0.005126  S3_pocket
377  -99.79  3  0.926480  11.603  6.167  -0.876921  0.767497  -0.013589  S3_pocket
378  -81.00  2  0.882290  11.324  7.028  -0.959737  0.838007  -0.008023  S3_pocket
379  -83.72  2  0.949726  11.855  6.327  -0.835422  0.696256  -0.012380  S3_pocket
380  -105.79  3  0.963744  12.382  7.066  -0.567452  0.678039  -0.006635  S3_pocket
381  -108.12  3  0.914513  11.978  6.095  -0.895935  0.776346  -0.009453  S3_pocket
382  -92.38  3  0.949820  11.425  6.554  -0.943431  0.808367  -0.003170  S3_pocket
383  -138.40  3  0.884924  12.529  5.592  -0.663002  0.810185  -0.014153  S3_pocket
384  -109.45  3  0.944709  10.941  6.594  -0.893303  0.796690  -0.016451  S3_pocket
385  -83.11  2  0.942401  11.720  6.438  -0.916285  0.745762  -0.030768  S3_pocket
386  -88.89  2  0.966889  11.402  6.250  -0.854157  0.770894  -0.003636  S3_pocket
387  -98.68  3  0.922310  11.501  6.534  -0.962543  0.807761  0.004909  S3_pocket
388  -103.36  3  0.894328  11.264  6.706  -0.967610  0.847186  -0.014050  S3_pocket
389  -95.30  3  0.888687  12.395  8.003  -0.946823  0.870904  -0.000793  S3_pocket
390  -110.98  3  0.939705  11.216  6.699  -0.880975  0.796672  -0.009705  S3_pocket
391  -85.54  2  0.917968  11.558  6.813  -0.928356  0.820229  -0.031885  S3_pocket
392  -88.22  2  0.936950  11.778  6.260  -0.945520  0.815968  0.001369  S3_pocket
393  -107.15  3  0.968104  11.809  6.894  -0.916812  0.828580  -0.015196  S3_pocket
394  -90.42  3  0.955834  12.444  6.620  -0.818809  0.720809  -0.009665  S3_pocket
395  -125.90  3  0.911171  11.866  7.603  -0.873213  0.870140  0.003164  S3_pocket
396  -112.39  3  0.944835  11.438  6.386  -0.905048  0.748973  0.000486  S3_pocket
397  -87.94  2  0.936756  11.315  6.591  -0.953150  0.779223  0.005699  S3_pocket
398  -122.22  3  0.930929  12.055  6.514  -0.921847  0.769130  -0.016122  S3_pocket
399  -117.32  3  0.961964  11.431  5.979  -0.868294  0.756274  -0.011042  S3_pocket
400  -126.86  3  0.916253  10.753  6.617  -0.937104  0.847838  -0.013746  S3_pocket
401  -86.94  2  0.950669  11.178  5.891  -0.954904  0.749872  -0.032338  S3_pocket
402  -112.96  3  0.914044  11.067  6.568  -0.938444  0.811050  -0.007165  S3_pocket
403  -100.47  3  0.925337  12.055  6.001  -0.934734  0.759123  -0.013671  S3_pocket
404  -117.47  3  0.964154  11.984  6.841  -0.935887  0.769110  -0.008779  S3_pocket
405  -77.71  2  0.910889  11.717  6.103  -0.947623  0.770867  -0.020153  S3_pocket
406  -95.98  3  0.956890  11.269  6.111  -0.956584  0.752896  -0.027383  S3_pocket
407  -111.21  3  0.904143  11.550  6.606  -0.916770  0.796574  -0.003024  S3_pocket
408  -85.52  2  0.915301  11.440  7.066  -0.986589  0.871599  -0.002907  S3_pocket
409  -110.86  3  0.942388  11.555  6.607  -0.780975  0.693616  0.000340  S3_pocket
410  -111.75  3  0.933180  11.666  6.455  -0.920415  0.783465  -0.001037  S3_pocket
411  -62.89  2  0.957195  11.705  5.935  -0.898575  0.731748  -0.021106  S3_pocket
412  -113.05  3  0.856711  11.531  6.462  -0.933401  0.914879  -0.000035  S3_pocket
413  -123.70  3  0.921498  11.556  6.665  -0.929229  0.816168  -0.007173  S3_pocket
414  -83.06  2  0.932247  12.633  6.542  -0.912340  0.720676  -0.008291  S3_pocket
415  -107.47  3  0.909214  12.096  6.255  -0.961658  0.801844  -0.008708  S3_pocket
416  -117.74  3  0.935765  11.585  7.013  -0.780375  0.791542  0.002901  S3_pocket
417  -93.46  3  0.913156  12.461  6.729  -0.928229  0.740204  0.002154  S3_pocket
418  -98.87  3  0.914097  12.024  7.318  -0.959236  0.822732  0.003429  S3_pocket
419  -112.17  3  0.909489  12.280  6.988  -0.936359  0.780379  -0.000123  S3_pocket
420  -103.49  3  0.941388  11.706  6.972  -0.846375  0.705923  0.007630  S3_pocket
421  -106.98  3  0.953353  12.501  6.784  -0.690863  0.671028  -0.004202  S3_pocket
422  -120.89  3  0.925700  12.204  7.370  -0.742235  0.801001  -0.001020  S3_pocket
423  -115.92  3  0.939833  12.462  6.758  -0.734540  0.859043  0.004520  S3_pocket
424  -125.27  3  0.923270  12.805  7.614  -0.711866  0.750306  0.005133  S3_pocket
425  -95.53  3  0.904939  12.351  6.680  -0.873847  0.820161  -0.005564  S3_pocket
426  -97.50  3  0.937696  11.794  6.598  -0.957057  0.805486  -0.004012  S3_pocket
427  -105.25  3  0.891596  12.342  6.562  -0.937498  0.806018  -0.015711  S3_pocket
428  -98.99  3  0.917443  12.288  6.220  -0.850196  0.833012  -0.031033  S3_pocket
429  -99.71  3  0.954622  11.179  7.749  -0.720872  0.794425  -0.031261  S3_pocket
430  -91.00  3  0.943323  11.705  6.411  -0.903888  0.789024  -0.006520  S3_pocket
431  -113.06  3  0.895427  11.190  7.354  -0.851721  0.904514  -0.002793  S3_pocket
432  -122.74  3  0.880082  11.327  7.717  -0.716631  0.949465  -0.002337  S3_pocket
433  -119.26  3  0.916608  12.090  5.806  -0.500940  0.750316  -0.005947  S3_pocket
434  -114.67  3  0.905548  11.705  6.491  -0.899654  0.847336  -0.006212  S3_pocket
435  -112.49  3  0.929982  12.148  5.890  -0.662600  0.786142  -0.024954  S3_pocket
436  -103.05  3  0.899627  12.199  5.974  -0.872019  0.843018  -0.010078  S3_pocket
437  -131.30  3  0.959004  12.171  4.403  -0.299440  0.641135  -0.021794  S3_pocket
438  -113.04  3  0.869568  12.262  6.113  -0.789374  0.867645  -0.004098  S3_pocket
439  -127.18  3  0.983383  12.415  4.153  -0.417481  0.668298  -0.023557  S3_pocket
440  -126.79  3  0.993796  13.111  4.272  -0.390397  0.677234  -0.028016  S3_pocket
441  -124.90  3  0.912282  11.818  6.945  -0.648074  0.809612  -0.002719  S3_pocket
442  -119.93  3  0.943164  12.544  4.878  -0.565545  0.729232  -0.034398  S3_pocket
443  -100.10  3  0.861678  11.042  8.050  -0.771702  0.930206  -0.012265  S3_pocket
444  -131.58  3  0.930695  12.712  4.373  -0.496328  0.681268  -0.023650  S3_pocket
445  -120.84  3  0.968285  12.601  5.569  -0.537267  0.680688  -0.021674  S3_pocket
446  -134.27  3  1.005584  12.513  3.981  -0.358986  0.593678  -0.030678  S3_pocket
447  -131.35  3  0.956731  11.411  5.506  -0.616408  0.734559  0.004269  S3_pocket
448  -126.16  3  0.948830  12.151  5.553  -0.693778  0.784925  -0.008836  S3_pocket
449  -142.79  3  0.934444  11.530  6.901  -0.803700  0.807618  -0.004156  S3_pocket
450  -124.25  3  0.972995  12.060  5.187  -0.496522  0.676982  -0.009601  S3_pocket
451  -131.78  3  0.924917  11.629  5.605  -0.598752  0.754389  -0.008851  S3_pocket
452  -107.10  3  0.951041  11.309  6.024  -0.686704  0.845635  -0.026445  S3_pocket
453  -128.12  3  0.973274  11.905  5.370  -0.565846  0.723512  -0.017853  S3_pocket
454  -117.98  3  0.950409  11.764  5.369  -0.713843  0.769289  -0.007860  S3_pocket
455  -106.57  3  0.983823  11.327  5.268  -0.604325  0.689190  -0.021889  S3_pocket
456  -117.21  3  0.989617  12.225  4.448  -0.397427  0.655457  -0.043871  S3_pocket
457  -134.09  3  0.993008  12.530  4.386  -0.359072  0.649458  -0.018892  S3_pocket
458  -126.10  3  1.004041  12.512  4.641  -0.452245  0.660585  -0.037851  S3_pocket
459  -118.85  3  0.932441  12.124  6.312  -0.390403  0.738573  0.002608  S3_pocket
460  -121.06  3  0.967377  11.632  5.049  -0.572565  0.743983  -0.015172  S3_pocket
461  -111.13  3  0.907584  11.212  5.791  -0.772554  0.825176  -0.014683  S3_pocket
462  -120.04  3  0.942053  12.351  7.592  -0.540197  0.813285  -0.018243  S3_pocket
463  -134.65  3  0.889984  11.244  6.497  -0.628094  0.851544  -0.004100  S3_pocket
464  -116.50  3  0.920947  11.285  7.147  -0.687469  0.842387  -0.003544  S3_pocket
465  -105.74  3  0.913141  11.813  5.840  -0.748150  0.824479  0.004393  S3_pocket
466  -129.28  3  0.937163  11.316  5.918  -0.605027  0.793597  0.000498  S3_pocket
467  -109.42  3  0.813144  10.219  9.080  -0.924527  1.103396  0.004730  S3_pocket
468  -113.72  3  0.906101  12.119  5.227  -0.652482  0.789746  -0.024129  S3_pocket
469  -143.17  3  0.901255  11.782  5.741  -0.527810  0.830125  -0.001977  S3_pocket
470  -153.71  3  0.938719  11.894  5.448  -0.533043  0.753261  -0.003163  S3_pocket
471  -138.19  3  0.936872  11.401  5.701  -0.701143  0.771282  -0.006658  S3_pocket
472  -137.83  3  0.927627  11.579  5.536  -0.570976  0.792445  -0.009341  S3_pocket
473  -121.87  3  0.953127  12.156  4.988  -0.520940  0.731807  -0.031970  S3_pocket
474  -134.00  3  0.964408  12.357  4.696  -0.445904  0.632918  -0.033177  S3_pocket
475  -93.84  3  0.924610  12.072  4.907  -0.734222  0.737188  -0.023156  S3_pocket
476  -108.11  3  0.958923  12.029  5.880  -0.846342  0.791185  -0.017692  S3_pocket
477  -121.06  3  0.960832  12.290  5.713  -0.706506  0.746216  -0.036859  S3_pocket
478  -104.62  3  0.937639  11.227  5.736  -0.797286  0.808377  -0.014495  S3_pocket
479  -123.51  3  0.948732  12.459  5.553  -0.694265  0.753423  -0.022038  S3_pocket
480  -125.58  3  0.957758  13.557  4.214  -0.401035  0.684553  -0.025289  S3_pocket
481  -107.86  3  0.913023  11.333  5.192  -0.767213  0.758602  -0.018427  S3_pocket
482  -116.65  3  0.964089  10.610  5.729  -0.688514  0.792542  -0.012516  S3_pocket
483  -136.01  3  0.939887  11.774  4.881  -0.553774  0.779003  -0.015955  S3_pocket
484  -116.57  3  0.915838  10.996  5.585  -0.672489  0.823383  -0.020430  S3_pocket
485  -101.61  3  0.900581  10.826  5.758  -0.795953  0.840744  -0.017309  S3_pocket
486  -140.22  3  0.888651  11.411  5.542  -0.726986  0.861034  -0.011530  S3_pocket
487  -133.64  3  0.945448  11.889  5.467  -0.565914  0.784329  -0.011563  S3_pocket
488  -134.33  3  0.944954  11.677  5.145  -0.438215  0.734100  -0.007091  S3_pocket
489  -154.72  3  0.964259  10.722  5.244  -0.392209  0.728783  -0.009245  S3_pocket
490  -128.49  3  0.936091  11.026  5.501  -0.567555  0.788057  -0.007395  S3_pocket
491  -140.76  3  0.988589  11.527  5.074  -0.491813  0.717867  -0.012474  S3_pocket
492  -124.16  3  0.963023  11.249  5.618  -0.720483  0.774418  -0.021669  S3_pocket
493  -122.82  3  0.964025  10.980  5.523  -0.594215  0.760926  -0.019870  S3_pocket
494  -130.37  3  0.926851  11.344  5.477  -0.630969  0.781878  -0.009888  S3_pocket
495  -116.40  3  0.939244  11.796  5.429  -0.706129  0.732133  -0.018853  S3_pocket
496  -115.79  3  0.934381  11.762  5.266  -0.641979  0.798212  -0.032769  S3_pocket
497  -116.19  3  0.997504  11.724  5.068  -0.507181  0.667420  -0.009543  S3_pocket
498  -99.94  3  0.951257  11.335  5.267  -0.550772  0.759358  -0.016575  S3_pocket
499  -118.56  3  0.949637  11.653  4.945  -0.412036  0.761857  -0.024481  S3_pocket
500  -109.78  3  0.985721  12.210  5.371  -0.533377  0.722864  -0.025394  S3_pocket
501  -123.92  3  0.962347  11.532  5.027  -0.488197  0.738298  -0.016251  S3_pocket
502  -109.86  3  0.943034  11.892  4.228  -0.510234  0.749683  -0.025309  S3_pocket
503  -124.12  3  0.993451  13.357  4.604  -0.203439  0.683459  -0.007267  S3_pocket
504  -150.36  3  0.942382  11.884  4.768  -0.388183  0.779922  -0.011617  S3_pocket
505  -125.10  3  0.931312  11.852  5.505  -0.679740  0.817225  -0.009365  S3_pocket
506  -127.22  3  0.915363  11.687  5.781  -0.456867  0.852868  -0.002660  S3_pocket
507  -104.93  3  0.924405  11.817  5.472  -0.740933  0.898286  -0.005031  S3_pocket
508  -104.77  3  0.897184  11.960  5.465  -0.661277  0.816180  -0.010758  S3_pocket
509  -132.70  3  0.881246  11.581  6.817  -0.922178  0.956652  0.002083  S3_pocket
510  -115.42  3  0.832071  11.879  7.082  -0.991651  1.042456  -0.001755  S3_pocket
511  -121.64  3  0.962660  12.801  8.082  -0.432913  0.730909  -0.007058  S3_pocket
512  -127.06  3  0.947756  13.016  7.508  -0.617872  0.807882  -0.004435  S3_pocket
513  -119.07  3  0.925464  12.357  7.859  -0.566977  0.827942  0.008184  S3_pocket
514  -162.86  0  0.920018  12.929  7.311  -0.505299  0.840011  0.002775  S3_pocket
515  -138.11  3  0.899454  11.914  5.617  -0.341654  0.843762  -0.010806  S3_pocket
516  -131.09  3  0.937053  12.706  6.008  -0.428427  0.778471  -0.012951  S3_pocket
517  -119.83  3  0.946390  11.963  5.676  -0.767049  0.830329  -0.007736  S3_pocket
518  -150.25  3  0.943376  11.933  5.135  -0.587480  0.772916  -0.011536  S3_pocket
519  -158.19  3  0.946047  12.458  5.376  -0.532567  0.721156  -0.005940  S3_pocket
520  -134.75  3  0.968824  11.877  5.521  -0.595335  0.758202  0.004179  S3_pocket
521  -131.11  3  0.926322  10.745  5.833  -0.427475  0.819371  -0.004403  S3_pocket
522  -107.82  3  0.934174  11.441  5.853  -0.798218  0.832812  -0.006233  S3_pocket
523  -117.17  3  0.943539  10.947  5.526  -0.690922  0.806646  -0.003585  S3_pocket
524  -145.79  3  0.908657  11.573  5.540  -0.635584  0.831907  -0.007829  S3_pocket
525  -110.72  3  0.896833  11.096  6.449  -0.718422  0.897640  -0.016084  S3_pocket
526  -137.29  3  0.946120  11.465  5.452  -0.677377  0.771610  -0.021362  S3_pocket
527  -138.83  3  0.965258  11.950  5.136  -0.451167  0.725919  -0.023563  S3_pocket
528  -120.96  3  0.919175  10.812  5.929  -0.593777  0.816781  -0.006403  S3_pocket
529  -135.78  3  0.936899  11.173  5.369  -0.418858  0.764167  -0.008111  S3_pocket
530  -134.52  3  0.950050  12.004  5.147  -0.500371  0.774274  -0.007619  S3_pocket
531  -149.80  3  0.966102  11.597  5.002  -0.480193  0.754790  -0.023596  S3_pocket
532  -122.01  3  0.982516  12.033  5.456  -0.594289  0.730338  -0.018254  S3_pocket
533  -136.87  3  0.982609  12.462  4.781  -0.334251  0.694727  -0.029205  S3_pocket
534  -141.64  3  0.962134  10.931  5.433  -0.452536  0.764877  -0.011866  S3_pocket
535  -129.46  3  0.954690  11.043  6.103  -0.589191  0.795165  -0.019264  S3_pocket
536  -120.68  3  0.934460  11.586  5.965  -0.697461  0.815329  -0.002402  S3_pocket
537  -125.63  3  0.946179  11.621  5.557  -0.631774  0.763562  -0.011183  S3_pocket
538  -136.46  3  1.000348  12.398  5.169  -0.439018  0.672990  -0.015416  S3_pocket
539  -120.77  3  0.981808  11.439  6.089  -0.595711  0.745945  -0.019652  S3_pocket
540  -158.87  3  0.933534  12.151  5.171  -0.425116  0.766014  -0.022639  S3_pocket
541  -123.82  3  0.958792  11.185  5.390  -0.740193  0.792456  -0.008578  S3_pocket
542  -148.53  3  0.932766  11.360  5.551  -0.613396  0.784875  -0.004741  S3_pocket
543  -135.52  3  0.919449  11.147  6.216  -0.617072  0.785707  -0.003133  S3_pocket
544  -118.23  3  0.930267  10.848  5.788  -0.752119  0.821431  -0.009432  S3_pocket
545  -162.88  0  0.928842  11.521  5.691  -0.603426  0.796446  -0.010039  S3_pocket
546  -138.89  3  0.920061  11.693  5.129  -0.473215  0.790680  -0.019279  S3_pocket
547  -136.97  3  0.962660  11.028  5.782  -0.582015  0.772682  0.001231  S3_pocket
548  -145.58  3  0.964669  11.557  5.674  -0.516395  0.732622  -0.019836  S3_pocket
549  -129.64  3  0.987396  11.349  5.592  -0.603209  0.741113  -0.008306  S3_pocket
550  -127.24  3  0.969253  11.943  5.529  -0.536822  0.755953  -0.015392  S3_pocket
551  -121.48  3  0.953043  11.472  5.666  -0.699827  0.767998  -0.004305  S3_pocket
552  -128.12  3  0.999980  11.707  5.437  -0.564808  0.666908  -0.015115  S3_pocket
553  -129.33  3  0.965816  12.018  5.039  -0.468177  0.673862  -0.022752  S3_pocket
554  -131.81  3  0.962134  11.783  5.232  -0.691761  0.745153  -0.022468  S3_pocket
555  -129.31  3  1.015962  12.128  4.509  -0.247899  0.562867  -0.025715  S3_pocket
556  -133.53  3  0.975095  12.610  4.453  -0.346340  0.657055  -0.025465  S3_pocket
557  -124.72  3  0.935467  11.581  5.999  -0.367967  0.713590  -0.011686  S3_pocket
558  -127.74  3  0.969246  12.318  4.633  -0.424746  0.700241  -0.038172  S3_pocket
559  -141.82  3  0.933081  11.594  5.386  -0.498717  0.746704  -0.019499  S3_pocket
560  -117.50  3  0.976356  11.558  5.058  -0.492209  0.675711  -0.009048  S3_pocket
561  -140.39  3  0.992129  11.474  5.336  -0.579860  0.676232  -0.014436  S3_pocket
562  -117.92  3  0.941563  11.259  6.314  -0.593636  0.764703  -0.010665  S3_pocket
563  -138.39  3  0.977303  11.693  5.140  -0.364623  0.707935  -0.014435  S3_pocket
564  -139.97  3  0.948529  11.398  4.874  -0.446462  0.718649  -0.015351  S3_pocket
565  -146.15  3  0.956236  11.087  5.944  -0.492261  0.745228  -0.011072  S3_pocket
566  -131.97  3  0.987673  11.517  5.288  -0.507204  0.704436  -0.006608  S3_pocket
567  -121.50  3  0.937014  11.455  5.373  -0.533125  0.731025  -0.004247  S3_pocket
568  -144.64  3  0.959991  11.356  5.444  -0.177103  0.645261  -0.010583  S3_pocket
569  -136.04  3  0.945584  11.010  5.300  -0.459904  0.728637  -0.005767  S3_pocket
570  -80.17  2  0.939116  11.645  5.555  -0.735354  0.782609  -0.012439  S3_pocket
571  -122.46  3  0.952744  11.205  5.399  -0.592026  0.746803  -0.018874  S3_pocket
572  -137.33  3  0.947260  11.377  5.290  -0.500655  0.739847  -0.014173  S3_pocket
573  -139.95  3  0.957886  11.258  5.185  -0.407929  0.683096  -0.019358  S3_pocket
574  -126.71  3  0.948169  11.616  5.104  -0.677555  0.762573  -0.019310  S3_pocket
575  -148.31  3  0.955774  11.735  5.772  -0.732485  0.768064  -0.011865  S3_pocket
576  -116.63  3  0.934278  11.078  6.782  -0.814391  0.827815  0.003619  S3_pocket
577  -124.49  3  0.954712  11.985  6.229  -0.827297  0.881342  -0.004338  S3_pocket
578  -164.31  0  0.935546  11.797  5.485  -0.533651  0.742749  -0.018525  S3_pocket
579  -130.32  3  0.949731  11.645  5.933  -0.639354  0.762774  -0.005388  S3_pocket
580  -149.95  3  0.939528  11.808  6.576  -0.676253  0.801762  -0.014624  S3_pocket
581  -129.27  3  0.936097  11.235  6.476  -0.637833  0.820939  -0.009309  S3_pocket
582  -133.41  3  0.940235  11.251  6.467  -0.513509  0.812581  -0.002134  S3_pocket
583  -137.96  3  0.899099  11.606  6.042  -0.628386  0.819575  -0.014830  S3_pocket
584  -140.80  3  0.908677  11.669  5.878  -0.486005  0.761648  -0.005931  S3_pocket
585  -114.41  3  0.891783  12.109  5.469  -0.702654  0.835026  -0.017191  S3_pocket
586  -145.87  3  0.940821  12.428  5.458  -0.533685  0.782789  -0.002188  S3_pocket
587  -116.50  3  0.901329  11.275  7.010  -0.793052  0.868713  -0.014424  S3_pocket
588  -134.34  3  0.894882  12.216  5.616  -0.810051  0.863487  -0.017699  S3_pocket
589  -111.00  3  0.935201  11.990  5.590  -0.697539  0.792306  -0.015115  S3_pocket
590  -109.93  3  0.924185  11.143  5.536  -0.686188  0.787923  -0.000568  S3_pocket
591  -155.44  3  0.919186  11.440  6.401  -0.641232  0.844022  -0.005305  S3_pocket
592  -115.13  3  0.884216  12.037  6.683  -0.921405  0.972951  -0.021984  S3_pocket
593  -129.47  3  0.935296  11.508  5.775  -0.679142  0.773638  -0.004500  S3_pocket
594  -122.76  3  0.953460  11.517  5.853  -0.617901  0.784236  -0.016752  S3_pocket
595  -161.88  0  0.959189  11.538  5.193  -0.617678  0.804453  -0.001791  S3_pocket
596  -134.75  3  0.926660  11.239  5.911  -0.666437  0.812884  -0.018319  S3_pocket
597  -110.71  3  0.944261  11.215  5.366  -0.715751  0.799135  -0.013946  S3_pocket
598  -133.25  3  0.928013  11.412  5.516  -0.711641  0.780378  -0.009972  S3_pocket
599  -137.21  3  0.891711  10.918  5.816  -0.537132  0.839784  -0.004489  S3_pocket
600  -140.65  3  0.937984  11.936  5.762  -0.700414  0.787060  -0.001699  S3_pocket
601  -156.20  3  0.979270  11.938  5.114  -0.574707  0.729815  -0.001983  S3_pocket
602  -127.20  3  0.877363  13.394  7.023  -0.682140  0.897680  -0.001043  S3_pocket
603  -112.37  3  0.949445  12.231  5.664  -0.495206  0.725521  -0.002670  S3_pocket
604  -102.31  3  0.931413  12.739  5.168  -0.596331  0.809718  -0.020921  S3_pocket
605  -116.70  3  0.958619  12.372  4.615  -0.530145  0.748211  -0.023766  S3_pocket
606  -134.96  3  0.935206  12.533  5.088  -0.522751  0.734824  -0.003719  S3_pocket
607  -120.88  3  0.961568  12.935  4.416  -0.489026  0.729066  -0.021583  S3_pocket
608  -134.27  3  0.965492  12.672  5.465  -0.437615  0.690790  -0.016056  S3_pocket
609  -127.26  3  0.960425  11.813  4.882  -0.523701  0.710695  -0.012968  S3_pocket
610  -127.37  3  0.936420  12.683  4.869  -0.504151  0.755953  -0.006765  S3_pocket
611  -120.79  3  0.944303  12.143  5.156  -0.573737  0.809779  -0.010704  S3_pocket
612  -135.11  3  0.915277  13.194  5.705  -0.690302  0.810775  -0.006317  S3_pocket
613  -114.20  3  0.911679  11.681  6.956  -0.832407  0.921936  0.005804  S3_pocket
614  -154.62  3  0.955801  12.662  5.642  -0.436219  0.714884  -0.006080  S3_pocket
615  -115.41  3  0.933105  12.111  6.480  -0.597210  0.839560  -0.001614  S3_pocket
616  -109.94  3  0.918475  11.597  6.781  -0.616780  0.852042  -0.000197  S3_pocket
617  -109.17  3  0.923232  12.865  6.239  -0.737110  0.847912  -0.005888  S3_pocket
618  -120.11  3  0.872827  13.519  7.257  -0.732806  0.922296  -0.001685  S3_pocket
619  -103.35  3  0.895747  12.771  6.905  -0.764730  0.913053  -0.014790  S3_pocket
620  -132.13  3  0.962635  12.824  6.920  -0.295120  0.765248  -0.000732  S3_pocket
621  -153.57  3  0.967087  13.299  7.465  -0.525042  0.770354  0.007532  S3_pocket
622  -149.03  3  0.993006  13.199  4.625  -0.292544  0.619590  -0.028318  S3_pocket
623  -129.24  3  0.959411  13.025  4.526  -0.489538  0.701148  -0.013491  S3_pocket
624  -114.49  3  0.902752  12.773  5.798  -0.844486  0.878349  -0.012267  S3_pocket
625  -105.73  3  0.928853  12.634  5.461  -0.599636  0.763480  -0.025931  S3_pocket
626  -92.40  3  0.954814  13.488  7.245  -0.154809  0.770353  -0.006530  S3_pocket
627  -114.45  3  0.903403  12.131  5.729  -0.722493  0.861577  -0.016508  S3_pocket
628  -128.71  3  0.937701  11.732  5.515  -0.819910  0.867619  -0.019119  S3_pocket
629  -125.10  3  0.921463  11.839  5.354  -0.576861  0.824761  -0.010905  S3_pocket
630  -124.44  3  0.877724  11.197  6.745  -0.876041  0.986620  -0.010822  S3_pocket
631  -143.67  3  0.962390  12.423  4.964  -0.409448  0.697031  0.002799  S3_pocket
632  -153.59  3  0.940931  13.499  5.047  -0.451471  0.752631  0.006877  S3_pocket
633  -154.92  3  0.950419  12.230  4.744  -0.496336  0.730367  0.000042  S3_pocket
634  -136.88  3  0.944974  11.911  5.569  -0.516541  0.787308  -0.014414  S3_pocket
635  -133.57  3  0.934302  11.823  5.019  -0.491132  0.744190  -0.005763  S3_pocket
636  -134.03  3  0.926232  11.458  6.487  -0.645446  0.831811  -0.000043  S3_pocket
637  -136.35  3  0.952917  12.880  5.467  -0.490006  0.676878  -0.005496  S3_pocket
638  -122.95  3  0.902554  11.606  7.107  -0.709172  0.861956  0.000869  S3_pocket
639  -144.80  3  0.920037  12.505  6.217  -0.569492  0.782805  0.001122  S3_pocket
640  -150.96  3  0.923707  11.834  5.506  -0.497346  0.767906  0.003653  S3_pocket
641  -120.71  3  0.982032  12.082  5.037  -0.502805  0.730761  -0.028951  S3_pocket
642  -141.10  3  0.931145  11.739  5.317  -0.564571  0.749985  -0.002875  S3_pocket
643  -120.44  3  0.992424  12.235  4.981  -0.414484  0.672397  -0.027982  S3_pocket
644  -114.25  3  0.972216  12.091  4.890  -0.573356  0.760711  -0.022695  S3_pocket
645  -146.24  3  0.992231  12.194  4.277  -0.236096  0.669806  -0.021412  S3_pocket
646  -109.16  3  0.923339  13.004  5.168  -0.641612  0.793751  -0.015781  S3_pocket
647  -165.01  0  0.952748  12.504  5.595  -0.451743  0.752164  0.005500  S3_pocket
648  -144.96  3  0.949836  13.420  5.492  -0.576528  0.743077  0.006584  S3_pocket
649  -140.55  3  1.010876  12.497  4.138  -0.279162  0.671302  -0.023686  S3_pocket
650  -128.82  3  0.968971  12.187  4.594  -0.415825  0.705736  -0.030414  S3_pocket
651  -150.13  3  0.991038  11.408  5.095  -0.573001  0.756121  -0.015914  S3_pocket
652  -114.99  3  0.916254  12.376  5.463  -0.720273  0.801978  -0.009956  S3_pocket
653  -112.64  3  0.923071  12.876  7.287  -0.345118  0.820754  -0.000795  S3_pocket
654  -67.53  2  0.907312  11.633  7.090  -0.613833  0.867618  -0.014953  S3_pocket
655  -123.78  3  0.936718  12.577  6.248  -0.328416  0.801382  -0.011749  S3_pocket
656  -58.31  2  0.900189  10.989  6.504  -0.679016  0.855792  -0.022300  S3_pocket
657  -135.65  3  0.953080  11.347  5.613  -0.714614  0.784677  -0.013524  S3_pocket
658  -141.29  3  0.931982  11.723  5.920  -0.490040  0.770669  -0.003386  S3_pocket
659  -116.45  3  0.882123  10.927  7.394  -0.860837  0.964734  0.003498  S3_pocket
660  -134.36  3  0.887364  11.030  6.774  -0.683743  0.940469  -0.005771  S3_pocket
661  -122.23  3  0.940655  11.370  5.053  -0.585044  0.823945  -0.021666  S3_pocket
662  -114.28  3  0.956071  11.387  5.504  -0.695279  0.821683  -0.015848  S3_pocket
663  -147.66  3  0.976991  12.522  4.562  -0.567815  0.684025  -0.011167  S3_pocket
664  -142.91  3  0.937370  11.216  5.360  -0.517640  0.753293  -0.003927  S3_pocket
665  -127.50  3  0.940105  11.474  5.679  -0.719188  0.817045  -0.014702  S3_pocket
666  -119.48  3  0.925004  11.609  5.999  -0.633042  0.824070  -0.021219  S3_pocket
667  -121.69  3  0.904823  11.560  5.402  -0.640594  0.813034  -0.011107  S3_pocket
668  -99.94  3  0.903262  11.156  5.830  -0.783535  0.865166  -0.007774  S3_pocket
669  -131.06  3  0.914509  10.823  5.944  -0.701435  0.859600  0.002292  S3_pocket
670  -106.67  3  0.925826  10.665  6.021  -0.975024  0.909887  -0.015875  S3_pocket
671  -129.72  3  0.940325  11.214  5.463  -0.540110  0.732415  -0.011886  S3_pocket
672  -112.84  3  0.907457  10.871  5.874  -0.859501  0.837364  -0.011513  S3_pocket
673  -130.26  3  0.927102  10.953  5.559  -0.717019  0.804062  -0.013917  S3_pocket
674  -128.13  3  0.898125  10.776  6.810  -0.807078  0.920957  -0.001893  S3_pocket
675  -95.54  3  0.922273  12.172  5.747  -0.795110  0.852120  -0.012622  S3_pocket
676  -119.91  3  0.896455  11.059  6.683  -0.830056  0.954263  -0.013640  S3_pocket
677  -107.79  3  0.950723  11.458  5.347  -0.742462  0.762817  0.004080  S3_pocket
678  -122.09  3  0.927423  11.471  5.325  -0.614414  0.776905  -0.020855  S3_pocket
679  -125.22  3  0.949046  11.279  5.811  -0.651119  0.768973  -0.019083  S3_pocket
680  -124.89  3  0.954463  11.367  5.614  -0.636793  0.753484  -0.016259  S3_pocket
681  -149.20  3  0.954486  11.803  5.680  -0.562935  0.760333  -0.015063  S3_pocket
682  -118.96  3  0.921500  10.831  5.432  -0.643109  0.827584  -0.019180  S3_pocket
683  -116.97  3  0.936005  11.299  5.353  -0.693127  0.809871  -0.020248  S3_pocket
684  -149.33  3  0.938100  11.094  5.096  -0.551956  0.747364  -0.004587  S3_pocket
685  -124.74  3  0.958376  11.583  5.182  -0.597508  0.741631  -0.008305  S3_pocket
686  -138.80  3  0.953977  11.010  5.164  -0.505811  0.752168  -0.013355  S3_pocket
687  -139.62  3  0.942623  11.326  5.058  -0.448430  0.724383  -0.000610  S3_pocket
688  -107.83  3  0.893301  10.697  6.968  -0.831895  0.912395  -0.001173  S3_pocket
689  -120.88  3  0.878119  10.965  6.360  -0.846994  0.923732  -0.004735  S3_pocket
690  -92.43  3  0.903844  10.799  6.828  -0.964834  0.926163  -0.018855  S3_pocket
691  -91.73  3  0.943637  11.676  5.907  -0.710297  0.713944  -0.007695  S3_pocket
692  -137.27  3  0.934222  11.678  5.108  -0.542845  0.764933  -0.022255  S3_pocket
693  -114.74  3  0.932839  11.676  5.344  -0.638532  0.750427  -0.021254  S3_pocket
694  -126.10  3  0.965001  11.664  5.914  -0.486884  0.697554  -0.020928  S3_pocket
695  -124.81  3  0.961080  11.513  6.487  -0.416823  0.683225  -0.009907  S3_pocket
696  -96.45  3  0.881885  11.095  6.417  -0.815868  0.916325  -0.017801  S3_pocket
697  -125.47  3  0.941163  11.322  5.391  -0.603451  0.727249  -0.014676  S3_pocket
698  -127.97  3  0.955084  11.775  4.684  -0.625893  0.768482  -0.033643  S3_pocket
699  -136.20  3  1.006687  12.649  4.575  -0.410133  0.610191  -0.027452  S3_pocket
700  -113.15  3  0.972918  12.533  4.322  -0.538787  0.658054  -0.035731  S3_pocket
701  -124.67  3  0.959281  11.776  5.706  -0.528035  0.698598  -0.020811  S3_pocket
702  -123.14  3  0.926288  11.674  5.293  -0.574385  0.764261  -0.012885  S3_pocket
703  -126.71  3  0.923991  11.186  5.113  -0.347746  0.711724  -0.007784  S3_pocket
704  -116.18  3  0.958567  11.355  6.427  -0.560982  0.767962  -0.022088  S3_pocket
705  -123.97  3  0.878175  12.023  6.127  -0.700350  0.890744  -0.005658  S3_pocket
706  -122.49  3  0.924268  11.352  5.766  -0.742489  0.818562  -0.012863  S3_pocket
707  -101.14  3  0.936436  11.888  5.124  -0.635573  0.759205  -0.003156  S3_pocket
708  -101.91  3  0.913967  11.299  6.733  -0.921603  0.890030  -0.021288  S3_pocket
709  -113.52  3  0.990849  11.882  5.161  -0.551034  0.654766  -0.018662  S3_pocket
710  -116.99  3  0.969994  11.152  6.239  -0.739511  0.786780  -0.000737  S3_pocket
711  -107.18  3  0.908049  10.265  8.040  -0.840488  0.910342  -0.022692  S3_pocket
712  -109.65  3  0.939791  10.548  6.871  -0.831023  0.850707  -0.002130  S3_pocket
713  -119.51  3  0.943602  11.460  6.071  -0.733507  0.818278  -0.009914  S3_pocket
714  -123.18  3  0.955847  10.840  7.003  -0.740100  0.825183  -0.002053  S3_pocket
715  -110.41  3  0.912827  11.033  7.078  -0.929893  0.908735  -0.022757  S3_pocket
716  -121.44  3  0.855474  10.893  7.425  -0.743026  0.962493  -0.002498  S3_pocket
717  -110.71  3  0.953273  11.670  6.920  -0.570649  0.769257  -0.016889  S3_pocket
718  -130.36  3  0.924487  11.599  5.511  -0.674409  0.766900  -0.010177  S3_pocket
719  -116.75  3  0.957481  11.948  6.639  -0.700261  0.768237  -0.001393  S3_pocket
720  -111.68  3  0.938869  10.619  7.358  -0.846742  0.865025  -0.011725  S3_pocket
721  -109.03  3  0.968472  10.985  7.333  -0.720172  0.708698  -0.005285  S3_pocket
722  -102.83  3  0.888194  11.112  7.726  -0.914098  0.954353  -0.007997  S3_pocket
723  -81.51  2  0.918325  11.214  6.449  -0.915703  0.804169  -0.015876  S3_pocket
724  -94.21  3  0.836403  9.186  8.404  -0.519863  1.014678  -0.014941  S3_pocket
725  -100.59  3  0.887185  9.254  6.567  -0.222045  0.825007  -0.007793  surface
726  -74.72  2  0.909824  10.510  8.097  -0.779507  0.940635  -0.024843  S3_pocket
727  -104.98  3  0.955876  10.896  6.916  -0.640908  0.823475  -0.031489  S3_pocket
728  -131.21  3  0.919189  11.776  5.333  -0.690606  0.777644  -0.009341  S3_pocket
729  -124.11  3  0.947011  10.789  5.759  -0.685201  0.762852  -0.013246  S3_pocket
730  -105.51  3  0.942371  10.604  6.102  -0.809987  0.866051  0.000378  S3_pocket
731  -148.84  3  0.952536  10.183  6.715  -0.581157  0.802447  -0.019088  S3_pocket
732  -130.32  3  0.942684  11.080  5.044  -0.491926  0.776754  -0.015009  S3_pocket
733  -134.77  3  0.896122  10.618  7.418  -0.831814  0.925149  -0.006603  S3_pocket
734  -106.35  3  0.900083  10.527  7.486  -0.938230  0.979298  -0.017629  S3_pocket
735  -127.35  3  0.904141  11.090  5.808  -0.742655  0.847891  -0.000833  S3_pocket
736  -148.31  3  0.941026  10.648  6.408  -0.729992  0.863748  0.008017  S3_pocket
737  -126.72  3  0.912059  10.354  5.745  -0.768805  0.879753  -0.010992  S3_pocket
738  -116.87  3  0.956289  10.208  6.509  -0.776181  0.856121  -0.006801  S3_pocket
739  -105.60  3  0.926229  9.991  6.661  -0.828959  0.919172  -0.010364  S3_pocket
740  -95.88  3  0.879147  10.541  6.520  -0.707374  0.942744  -0.005082  S3_pocket
741  -115.79  3  0.892225  10.692  5.661  -0.680816  0.902105  -0.007579  S3_pocket
742  -126.77  3  0.924457  10.933  6.388  -0.712467  0.850516  -0.007189  S3_pocket
743  -138.81  3  0.937577  9.465  7.318  -0.823507  0.867377  -0.015041  S3_pocket
744  -126.68  3  0.916750  10.076  7.567  -0.755810  0.925225  -0.010512  S3_pocket
745  -127.06  3  0.924538  10.778  5.903  -0.714022  0.841302  -0.009306  S3_pocket
746  -99.13  3  0.923690  11.136  6.958  -0.789923  0.819783  -0.001782  S3_pocket
747  -132.77  3  0.941360  11.187  5.372  -0.650712  0.765211  0.005064  S3_pocket
748  -113.21  3  0.945138  11.047  6.015  -0.769172  0.828439  -0.003596  S3_pocket
749  -127.13  3  0.933776  10.928  6.010  -0.635148  0.825251  -0.007358  S3_pocket
750  -97.10  3  0.942364  11.109  5.501  -0.694496  0.789760  -0.022035  S3_pocket
751  -120.12  3  0.935040  10.504  6.479  -0.733309  0.867364  -0.010605  S3_pocket
752  -120.47  3  0.955941  10.536  7.101  -0.628432  0.848030  -0.002166  S3_pocket
753  -133.06  3  0.930200  10.705  5.246  -0.661407  0.804158  -0.007636  S3_pocket
754  -125.60  3  0.966578  11.574  5.657  -0.504291  0.709512  -0.016714  S3_pocket
755  -124.26  3  0.932307  10.690  5.405  -0.721155  0.847519  -0.009025  S3_pocket
756  -124.26  3  0.984001  10.457  6.049  -0.690911  0.738446  -0.011850  S3_pocket
757  -127.60  3  0.973802  10.904  5.959  -0.555663  0.755970  -0.004993  S3_pocket
758  -133.84  3  0.968958  11.788  5.560  -0.444945  0.672991  -0.014467  S3_pocket
759  -122.85  3  1.000413  12.185  5.229  -0.524237  0.688278  -0.011858  S3_pocket
760  -133.56  3  0.942576  11.330  5.285  -0.617996  0.714374  -0.018868  S3_pocket
761  -144.27  3  0.945832  11.701  5.684  -0.507524  0.719619  -0.016471  S3_pocket
762  -123.28  3  1.004091  12.154  5.401  -0.444095  0.694776  -0.020638  S3_pocket
763  -152.09  3  0.951483  11.294  5.187  -0.562763  0.757099  -0.013680  S3_pocket
764  -134.43  3  0.952711  11.605  5.187  -0.425678  0.665631  -0.007912  S3_pocket
765  -148.18  3  0.926185  11.177  5.745  -0.595410  0.741753  -0.020816  S3_pocket
766  -160.52  0  0.943426  11.624  5.427  -0.554146  0.725685  -0.005520  S3_pocket
767  -110.47  3  0.965115  12.521  4.982  -0.297988  0.589482  -0.021479  S3_pocket
768  -117.68  3  0.987218  12.745  4.653  -0.244814  0.578464  -0.012319  S3_pocket
769  -99.58  3  0.902613  12.367  6.085  -0.675528  0.765420  -0.011801  S3_pocket
770  -105.69  3  0.915273  12.248  5.390  -0.654352  0.723615  -0.021800  S3_pocket
771  -93.83  3  0.899715  12.278  5.649  -0.860103  0.798929  -0.004983  S3_pocket
772  -100.62  3  0.911073  11.950  5.011  -0.688643  0.756489  -0.016901  S3_pocket
773  -114.94  3  0.968940  12.822  4.716  -0.352327  0.660767  -0.025741  S3_pocket
774  -137.88  3  0.951341  12.244  4.473  -0.429462  0.617297  -0.030692  S3_pocket
775  -109.65  3  0.906675  12.070  5.176  -0.694582  0.777161  -0.012356  S3_pocket
776  -119.95  3  0.968169  12.341  4.073  -0.527944  0.699779  -0.033342  S3_pocket
777  -111.96  3  0.925874  12.022  5.732  -0.695839  0.809845  -0.017635  S3_pocket
778  -122.63  3  0.893405  12.063  6.057  -0.873751  0.912628  -0.023020  S3_pocket
779  -104.53  3  0.944715  12.425  4.880  -0.744425  0.804672  -0.027624  S3_pocket
780  -88.49  2  0.828702  12.211  6.290  -0.864820  0.997902  -0.025210  S3_pocket
781  -92.71  3  0.882039  11.873  6.197  -0.972038  0.951697  -0.018145  S3_pocket
782  -136.94  3  0.896931  11.011  6.660  -0.938210  0.873183  -0.011045  S3_pocket
783  -106.72  3  0.879712  11.625  6.397  -0.835586  0.874374  -0.008890  S3_pocket
784  -125.74  3  0.889063  11.610  5.985  -0.809951  0.873920  -0.036498  S3_pocket
785  -109.51  3  0.898446  11.573  5.938  -0.902871  0.904387  -0.009411  S3_pocket
786  -85.99  2  0.925298  12.126  6.231  -0.934755  0.840063  -0.005571  S3_pocket
787  -88.38  2  0.843234  12.669  7.954  -0.918810  0.975868  -0.009518  S3_pocket
788  -92.69  3  0.902356  12.056  7.777  -0.758235  0.909020  0.005418  S3_pocket
789  -107.54  3  0.936617  12.411  7.049  -0.725114  0.822453  0.010904  S3_pocket
790  -103.07  3  0.893408  11.736  7.122  -0.930460  0.903461  -0.005895  S3_pocket
791  -115.46  3  0.841219  11.546  8.498  -0.870494  0.972270  -0.015587  S3_pocket
792  -119.15  3  0.851346  11.345  8.319  -0.758998  0.941631  -0.010886  S3_pocket
793  -105.12  3  0.907132  12.627  7.220  -0.588210  0.802788  -0.013720  S3_pocket
794  -125.38  3  0.886552  11.112  9.566  -0.705777  0.979171  0.008284  S3_pocket
795  -108.44  3  0.870396  10.019  9.870  -0.948611  1.084749  -0.005431  S3_pocket
796  -123.71  3  0.850159  12.428  9.470  -0.512938  0.926242  -0.005149  S3_pocket
797  -130.02  3  0.869280  11.663  8.440  -0.559753  0.859016  -0.014410  S3_pocket
798  -109.24  3  0.880742  12.587  9.141  -0.444676  0.863570  -0.012029  S3_pocket
799  -125.36  3  0.913385  11.718  7.246  -0.916086  0.811354  -0.006527  S3_pocket
800  -116.44  3  0.898664  11.295  7.534  -0.699397  0.855894  -0.006935  S3_pocket
801  -124.34  3  0.953094  11.975  5.932  -0.644279  0.771959  -0.013529  S3_pocket
802  -129.72  3  0.929925  11.689  5.636  -0.695643  0.756590  -0.014888  S3_pocket
803  -125.43  3  0.981457  11.832  5.250  -0.522653  0.705798  -0.013476  S3_pocket
804  -124.85  3  0.983672  12.684  5.758  -0.377539  0.699557  -0.003403  S3_pocket
805  -130.11  3  1.004140  12.056  5.575  -0.658336  0.733864  -0.005100  S3_pocket
806  -117.97  3  0.939433  12.407  6.014  -0.610457  0.779227  -0.004108  S3_pocket
807  -114.19  3  0.962183  12.127  4.784  -0.613803  0.777413  -0.020382  S3_pocket
808  -128.53  3  0.860538  11.484  8.271  -0.765411  0.998083  -0.005871  S3_pocket
809  -139.52  3  0.954182  11.943  5.086  -0.605911  0.741607  -0.007868  S3_pocket
810  -111.49  3  0.918932  11.996  5.991  -0.719075  0.841289  -0.030622  S3_pocket
811  -127.21  3  0.987925  11.667  4.869  -0.543976  0.678035  -0.023230  S3_pocket
812  -137.40  3  0.940744  11.785  5.783  -0.504687  0.778255  -0.009012  S3_pocket
813  -103.39  3  0.987317  11.946  5.745  -0.325697  0.734320  -0.012118  S3_pocket
814  -131.13  3  0.981958  11.906  4.812  -0.298068  0.668123  -0.003133  S3_pocket
815  -142.08  3  0.959082  11.417  5.586  -0.551558  0.745215  0.001096  S3_pocket
816  -127.41  3  0.944818  11.793  5.399  -0.584124  0.709216  -0.020589  S3_pocket
817  -139.90  3  1.005544  12.973  4.836  -0.229783  0.594861  -0.001017  S3_pocket
818  -131.39  3  0.980611  12.224  4.398  -0.248312  0.630867  -0.028672  S3_pocket
819  -127.81  3  0.928825  12.087  5.650  -0.517752  0.714340  -0.009768  S3_pocket
820  -126.39  3  0.975437  11.757  5.182  -0.573988  0.726733  -0.022558  S3_pocket
821  -136.34  3  0.943876  12.117  7.084  -0.241458  0.716425  -0.001677  S3_pocket
822  -130.04  3  1.001887  12.331  5.563  -0.474536  0.671241  -0.016556  S3_pocket
823  -148.95  3  0.980681  11.807  5.003  -0.147440  0.601214  -0.005894  S3_pocket
824  -113.38  3  0.933366  12.397  4.566  -0.602815  0.726520  -0.028674  S3_pocket
825  -120.01  3  0.938279  12.371  4.902  -0.511915  0.687194  -0.019518  S3_pocket
826  -114.96  3  0.994684  12.390  4.669  -0.394607  0.652273  -0.025139  S3_pocket
827  -142.43  3  0.954241  11.901  4.671  -0.468492  0.676264  -0.020653  S3_pocket
828  -113.01  3  0.950719  12.435  4.908  -0.490935  0.673731  -0.029419  S3_pocket
829  -127.54  3  0.945265  11.231  5.424  -0.471780  0.706431  -0.011602  S3_pocket
830  -123.60  3  0.974039  12.393  4.795  -0.485975  0.682044  -0.032225  S3_pocket
831  -118.05  3  0.950974  11.996  5.440  -0.424852  0.703825  -0.006951  S3_pocket
832  -116.42  3  0.969781  12.286  4.734  -0.467117  0.655026  -0.023406  S3_pocket
833  -101.84  3  0.960981  12.068  5.178  -0.512808  0.681761  -0.022545  S3_pocket
834  -124.46  3  0.976060  12.426  4.764  -0.501179  0.667979  -0.021174  S3_pocket
835  -106.66  3  0.890324  11.833  5.227  -0.569662  0.757373  -0.015549  S3_pocket
836  -120.68  3  0.953622  12.698  4.515  -0.552591  0.612942  -0.035762  S3_pocket
837  -105.80  3  0.913066  12.719  4.745  -0.614621  0.727836  -0.022887  S3_pocket
838  -100.30  3  0.931773  12.136  4.352  -0.647633  0.680570  -0.027135  S3_pocket
839  -110.72  3  0.919448  11.892  5.239  -0.664963  0.710868  -0.019290  S3_pocket
840  -114.31  3  0.912689  12.073  4.846  -0.698101  0.743807  -0.023863  S3_pocket
841  -102.37  3  0.940601  12.131  4.780  -0.562887  0.703129  -0.017903  S3_pocket
842  -113.00  3  1.015512  13.185  4.455  -0.328137  0.593026  -0.019228  S3_pocket
843  -137.32  3  1.004112  12.469  4.146  -0.259190  0.585471  -0.033645  S3_pocket
844  -131.89  3  1.017794  13.331  4.571  -0.332879  0.579296  -0.026477  S3_pocket
845  -122.63  3  0.973629  12.737  4.165  -0.500980  0.634146  -0.024386  S3_pocket
846  -126.79  3  0.990451  11.817  4.706  -0.366180  0.639875  -0.030442  S3_pocket
847  -113.93  3  1.017172  12.146  4.404  -0.591518  0.629189  -0.041958  S3_pocket
848  -124.64  3  1.001192  13.029  4.159  -0.411951  0.626276  -0.024777  S3_pocket
849  -107.10  3  0.974035  12.272  4.414  -0.533752  0.663820  -0.041937  S3_pocket
850  -105.93  3  0.936276  12.020  5.226  -0.583649  0.720003  -0.026066  S3_pocket
851  -134.01  3  0.969016  13.060  5.148  -0.311605  0.665209  -0.009870  S3_pocket
852  -125.76  3  0.943421  12.968  4.458  -0.565846  0.705332  -0.017143  S3_pocket
853  -131.11  3  0.971340  13.145  4.058  -0.366484  0.622164  -0.029453  S3_pocket
854  -124.98  3  1.000534  13.430  4.203  -0.306889  0.612598  -0.025423  S3_pocket
855  -102.27  3  0.930973  11.720  5.488  -0.617519  0.703392  -0.021380  S3_pocket
856  -143.19  3  0.978891  11.591  5.785  -0.434133  0.643394  -0.007775  S3_pocket
857  -152.55  3  0.960836  12.653  4.759  -0.378369  0.688328  -0.002645  S3_pocket
858  -107.16  3  0.930889  11.601  4.856  -0.670424  0.713059  -0.029291  S3_pocket
859  -106.84  3  0.938471  13.208  4.153  -0.608140  0.690700  -0.023269  S3_pocket
860  -136.76  3  0.983145  12.584  4.466  -0.401259  0.674054  -0.015632  S3_pocket
861  -142.91  3  0.974487  12.007  4.528  -0.504341  0.674820  -0.020837  S3_pocket
862  -150.22  3  0.973470  11.708  4.943  -0.414738  0.615024  0.004712  S3_pocket
863  -132.35  3  0.977014  12.229  4.207  -0.346308  0.608865  -0.023311  S3_pocket
864  -136.90  3  0.969654  12.119  4.292  -0.463129  0.677362  -0.024039  S3_pocket
865  -113.23  3  1.010994  12.522  4.068  -0.302144  0.576172  -0.030828  S3_pocket
866  -122.60  3  0.957928  11.936  4.050  -0.387003  0.648439  -0.033681  S3_pocket
867  -134.19  3  0.990758  12.118  4.323  -0.307899  0.628531  -0.027396  S3_pocket
868  -129.89  3  0.988561  12.836  4.051  -0.203550  0.575705  -0.035799  S3_pocket
869  -120.40  3  1.007765  12.390  4.585  -0.238481  0.613448  -0.020651  S3_pocket
870  -128.22  3  1.001067  11.823  4.304  -0.364858  0.637136  -0.035991  S3_pocket
871  -123.62  3  1.011964  11.926  4.747  -0.285051  0.613049  -0.034741  S3_pocket
872  -99.15  3  0.981496  12.873  4.660  -0.275058  0.677079  -0.031195  S3_pocket
873  -129.50  3  0.962462  12.376  4.149  -0.190277  0.660865  -0.032359  S3_pocket
874  -132.91  3  0.981325  12.305  4.336  -0.430651  0.602123  -0.036857  S3_pocket
875  -127.92  3  1.008263  12.454  4.937  -0.216893  0.598146  -0.023826  S3_pocket
876  -118.41  3  1.016229  12.356  4.499  -0.374950  0.628265  -0.037853  S3_pocket
877  -131.50  3  1.028186  11.698  4.046  -0.472611  0.617506  -0.034510  S3_pocket
878  -123.52  3  1.021194  11.661  4.271  -0.274795  0.616717  -0.032151  S3_pocket
879  -122.51  3  1.016273  11.925  4.393  -0.443596  0.665623  -0.037305  S3_pocket
880  -123.14  3  1.018167  12.032  4.598  -0.413376  0.655460  -0.032044  S3_pocket
881  -128.91  3  1.015675  11.669  4.899  -0.485691  0.680351  -0.032984  S3_pocket
882  -119.70  3  0.998868  11.711  4.421  -0.374317  0.643544  -0.023981  S3_pocket
883  -121.23  3  1.035746  12.517  4.256  -0.347594  0.626486  -0.044738  S3_pocket
884  -120.71  3  1.001689  12.003  4.353  -0.365566  0.633702  -0.034841  S3_pocket
885  -135.76  3  1.014234  12.332  4.451  -0.303316  0.585805  -0.033105  S3_pocket
886  -118.57  3  1.000313  12.298  4.283  -0.506913  0.626441  -0.038297  S3_pocket
887  -117.20  3  0.981362  11.724  4.593  -0.492465  0.672469  -0.049143  S3_pocket
888  -123.71  3  1.040788  11.536  4.332  -0.485310  0.653355  -0.046383  S3_pocket
889  -136.79  3  1.021653  12.442  4.305  -0.373499  0.607445  -0.037514  S3_pocket
890  -122.69  3  1.023775  12.066  4.326  -0.407587  0.637076  -0.037647  S3_pocket
891  -136.28  3  1.007917  12.051  4.611  -0.336158  0.611449  -0.031787  S3_pocket
892  -111.93  3  1.055405  12.502  4.663  -0.390543  0.619323  -0.038979  S3_pocket
893  -120.56  3  1.000932  12.253  4.866  -0.626487  0.715434  -0.028675  S3_pocket
894  -124.90  3  1.040926  12.903  4.516  -0.382371  0.651098  -0.034464  S3_pocket
895  -120.87  3  0.980602  12.115  4.780  -0.525414  0.662808  -0.025824  S3_pocket
896  -111.45  3  1.006034  11.722  4.615  -0.491515  0.667250  -0.041444  S3_pocket
897  -137.37  3  1.030166  12.581  4.323  -0.248424  0.597960  -0.025405  S3_pocket
898  -129.59  3  0.982324  12.453  4.252  -0.299161  0.646295  -0.032482  S3_pocket
899  -138.47  3  1.014401  11.626  4.102  -0.292424  0.643158  -0.035680  S3_pocket
900  -143.56  3  1.049496  11.749  4.103  -0.312615  0.602754  -0.042786  S3_pocket
901  -125.38  3  1.008749  11.830  4.279  -0.544573  0.645349  -0.028532  S3_pocket
902  -126.43  3  1.016034  11.894  4.395  -0.381011  0.639065  -0.039149  S3_pocket
903  -125.80  3  1.036085  12.436  4.621  -0.376221  0.621386  -0.022287  S3_pocket
904  -132.05  3  0.981566  11.369  4.943  -0.388999  0.635719  -0.015919  S3_pocket
905  -135.81  3  1.010947  11.475  5.580  -0.379637  0.611857  -0.002759  S3_pocket
906  -122.09  3  1.032315  12.107  4.960  -0.563130  0.643684  -0.009305  S3_pocket
907  -131.15  3  0.978825  12.366  4.184  -0.563485  0.685490  -0.037935  S3_pocket
908  -129.55  3  0.991500  12.135  4.125  -0.319063  0.594958  -0.029182  S3_pocket
909  -121.65  3  0.988519  12.339  4.333  -0.268929  0.586486  -0.029850  S3_pocket
910  -119.08  3  1.006040  12.167  4.475  -0.431299  0.640047  -0.022191  S3_pocket
911  -127.23  3  0.970080  12.407  4.652  -0.504495  0.711282  -0.028099  S3_pocket
912  -108.26  3  0.986711  12.148  4.180  -0.456725  0.662900  -0.042075  S3_pocket
913  -136.07  3  0.977240  12.058  4.156  -0.293936  0.623055  -0.029229  S3_pocket
914  -101.51  3  0.971777  12.121  4.311  -0.337251  0.636919  -0.026192  S3_pocket
915  -125.60  3  0.969004  12.453  4.218  -0.399342  0.671282  -0.026653  S3_pocket
916  -128.30  3  0.939812  11.740  4.730  -0.521547  0.713490  -0.023304  S3_pocket
917  -132.49  3  0.972261  11.828  5.070  -0.455587  0.659706  -0.024171  S3_pocket
918  -120.57  3  0.975585  11.678  4.387  -0.518301  0.694277  -0.025011  S3_pocket
919  -120.59  3  0.975304  12.227  4.338  -0.434734  0.640366  -0.033447  S3_pocket
920  -130.42  3  0.944959  11.566  4.727  -0.281513  0.677381  -0.021964  S3_pocket
921  -124.35  3  0.993328  12.249  4.509  -0.429178  0.649613  -0.031170  S3_pocket
922  -115.50  3  0.948856  12.290  4.517  -0.507949  0.673083  -0.033682  S3_pocket
923  -127.80  3  0.979345  12.543  4.179  -0.425284  0.615516  -0.027560  S3_pocket
924  -102.46  3  0.978976  12.028  5.228  -0.534371  0.682624  -0.020550  S3_pocket
925  -123.15  3  0.963196  11.784  4.746  -0.382620  0.654186  -0.025511  S3_pocket
926  -122.04  3  0.943470  11.865  5.293  -0.617843  0.749469  -0.016576  S3_pocket
927  -124.87  3  0.963366  12.122  5.300  -0.629954  0.707092  -0.015797  S3_pocket
928  -134.01  3  0.977461  11.411  4.665  -0.536741  0.710175  -0.026709  S3_pocket
929  -110.58  3  1.001807  12.487  4.480  -0.532531  0.646961  -0.030270  S3_pocket
930  -118.70  3  0.987088  11.961  4.345  -0.399474  0.632061  -0.037829  S3_pocket
931  -117.84  3  1.003092  12.242  4.647  -0.413945  0.608636  -0.029072  S3_pocket
932  -115.16  3  0.968184  12.195  4.211  -0.522252  0.668714  -0.026729  S3_pocket
933  -124.64  3  0.930008  11.492  4.718  -0.569072  0.725954  -0.016236  S3_pocket
934  -128.14  3  0.978508  12.178  4.156  -0.275687  0.617354  -0.022379  S3_pocket
935  -131.83  3  1.004895  12.451  4.012  -0.219962  0.630057  -0.033846  S3_pocket
936  -129.32  3  0.979053  12.246  4.249  -0.294782  0.661165  -0.028919  S3_pocket
937  -135.69  3  0.992874  12.268  3.991  -0.226066  0.614764  -0.034326  S3_pocket
938  -158.34  3  0.999393  12.321  4.320  -0.196164  0.598187  -0.024214  S3_pocket
939  -118.51  3  0.985701  11.967  4.486  -0.339612  0.648088  -0.018687  S3_pocket
940  -118.49  3  0.986863  12.545  4.244  -0.446560  0.601496  -0.033818  S3_pocket
941  -112.64  3  0.993507  12.321  4.351  -0.346417  0.585737  -0.041727  S3_pocket
942  -110.39  3  0.981666  12.006  4.147  -0.221731  0.576439  -0.020449  S3_pocket
943  -132.69  3  0.984886  12.427  4.498  -0.320278  0.621514  -0.016652  S3_pocket
944  -128.79  3  0.989056  11.767  4.496  -0.506848  0.637935  -0.026067  S3_pocket
945  -120.82  3  1.007889  11.931  4.562  -0.263179  0.591722  -0.028856  S3_pocket
946  -129.19  3  0.985857  12.514  4.529  -0.426100  0.587126  -0.035376  S3_pocket
947  -141.59  3  1.014055  11.469  4.387  -0.389134  0.611752  -0.029145  S3_pocket
948  -119.64  3  1.001992  12.034  4.669  -0.355058  0.617674  -0.036727  S3_pocket
949  -127.17  3  1.011825  11.611  4.430  -0.352501  0.636179  -0.038600  S3_pocket
950  -115.51  3  0.992398  11.842  4.310  -0.454254  0.575982  -0.035017  S3_pocket
951  -140.37  3  0.981783  11.905  4.532  -0.260664  0.605719  -0.027483  S3_pocket
952  -131.47  3  1.008773  12.319  4.067  -0.184725  0.598642  -0.021721  S3_pocket
953  -140.70  3  1.015280  11.319  4.407  -0.437860  0.597842  -0.032508  S3_pocket
954  -138.90  3  0.987850  11.899  4.519  -0.356646  0.619014  -0.035327  S3_pocket
955  -122.83  3  0.981237  12.054  4.587  -0.462318  0.615107  -0.023136  S3_pocket
956  -130.10  3  1.012326  12.140  4.237  -0.188915  0.597294  -0.034328  S3_pocket
957  -145.40  3  0.965178  11.636  4.880  -0.434047  0.666163  -0.033832  S3_pocket
958  -113.26  3  1.001385  12.516  4.537  -0.350310  0.585046  -0.027225  S3_pocket
959  -134.81  3  1.004714  12.452  4.047  -0.425762  0.609159  -0.016146  S3_pocket
960  -112.95  3  1.003892  12.519  4.204  -0.365212  0.601311  -0.035262  S3_pocket
961  -139.90  3  1.006307  12.677  4.175  -0.288180  0.577150  -0.035766  S3_pocket
962  -126.84  3  0.980764  12.665  4.788  -0.464918  0.685080  -0.013411  S3_pocket
963  -115.33  3  0.942316  11.012  6.280  -0.615654  0.729856  -0.009909  S3_pocket
964  -108.20  3  0.918462  11.696  4.895  -0.705364  0.728362  -0.008881  S3_pocket
965  -128.76  3  0.956946  12.265  4.419  -0.482752  0.707455  -0.022063  S3_pocket
966  -131.27  3  0.925068  12.020  5.527  -0.662385  0.763874  0.000024  S3_pocket
967  -139.08  3  0.947553  11.785  5.099  -0.660734  0.740500  -0.007544  S3_pocket
968  -127.29  3  0.915500  11.737  5.246  -0.700253  0.779654  -0.022861  S3_pocket
969  -132.61  3  0.952894  11.748  5.235  -0.557023  0.768958  0.000766  S3_pocket
970  -140.81  3  0.939622  11.839  5.132  -0.517037  0.747327  -0.003945  S3_pocket
971  -139.34  3  0.988459  12.728  4.580  -0.257906  0.586432  -0.026246  S3_pocket
972  -129.08  3  1.004658  12.080  4.076  -0.528315  0.637283  -0.041429  S3_pocket
973  -115.18  3  0.919456  11.260  5.889  -0.756925  0.802381  -0.010741  S3_pocket
974  -115.98  3  0.964850  11.742  5.358  -0.626275  0.730826  -0.006268  S3_pocket
975  -126.10  3  0.948368  12.410  4.312  -0.458347  0.684073  -0.026526  S3_pocket
976  -126.76  3  0.983808  12.250  4.692  -0.392468  0.626091  -0.013685  S3_pocket
977  -119.95  3  0.957665  12.020  5.447  -0.409839  0.708044  -0.009399  S3_pocket
978  -116.99  3  0.907104  11.199  5.862  -0.634465  0.763681  -0.021116  S3_pocket
979  -112.55  3  0.958194  11.433  5.711  -0.603695  0.710858  -0.017802  S3_pocket
980  -130.29  3  0.932184  12.301  5.616  -0.636877  0.794028  -0.013520  S3_pocket
981  -130.46  3  0.964579  10.741  5.516  -0.520017  0.727845  -0.014644  S3_pocket
982  -121.24  3  0.956309  11.872  5.176  -0.629469  0.755932  -0.018682  S3_pocket
983  -134.68  3  0.978030  11.545  5.501  -0.528117  0.774824  -0.001335  S3_pocket
984  -133.85  3  0.915413  11.253  6.147  -0.709254  0.822617  -0.002283  S3_pocket
985  -137.13  3  0.925221  11.982  5.702  -0.544620  0.750488  0.001799  S3_pocket
986  -110.45  3  0.978200  11.408  5.446  -0.429852  0.673902  -0.005322  S3_pocket
987  -131.77  3  0.973292  12.004  4.867  -0.370960  0.665033  -0.029405  S3_pocket
988  -130.84  3  0.907844  10.792  6.466  -0.699338  0.842082  -0.006753  S3_pocket
989  -124.66  3  0.937697  11.433  4.999  -0.660318  0.804772  -0.012339  S3_pocket
990  -134.60  3  0.945579  11.130  5.178  -0.677866  0.760797  -0.005066  S3_pocket
991  -137.38  3  0.930083  11.363  5.516  -0.584173  0.757530  -0.010040  S3_pocket
992  -115.21  3  0.900298  10.874  6.340  -0.722039  0.858160  -0.002854  S3_pocket
993  -127.55  3  0.943134  11.799  4.455  -0.356392  0.706410  -0.029850  S3_pocket
994  -127.59  3  0.971106  12.469  5.431  -0.475063  0.704060  -0.007862  S3_pocket
995  -126.43  3  0.929289  11.940  5.313  -0.657149  0.744507  -0.009590  S3_pocket
996  -140.78  3  0.941363  11.956  6.302  -0.587576  0.766113  -0.008951  S3_pocket
997  -124.96  3  0.938657  12.060  6.356  -0.628135  0.753192  -0.020088  S3_pocket
998  -139.32  3  0.947634  11.594  5.660  -0.571811  0.725067  -0.003254  S3_pocket
999  -139.80  3  0.951214  11.012  5.516  -0.593324  0.769455  -0.010983  S3_pocket
1000  -126.17  3  1.004198  11.394  5.657  -0.450484  0.689060  -0.013087  S3_pocket
