# GMM n=4 pocket classification, T=40C
# Classes: S1_pocket, S3_pocket, surface, extended
# frame  chi2  chi2_state  wcn  d_S1  d_S3  M  dist_nm  Q_p  class
0  72.24  1  0.880550  11.390  8.002  0.004170  0.594599  -0.016512  surface
1  51.10  1  0.845108  10.739  8.734  -0.053327  0.774541  -0.019482  surface
2  42.70  0  0.697038  10.651  12.085  0.636364  1.089482  -0.017476  surface
3  32.17  0  0.779463  10.299  9.701  0.308801  0.931025  -0.035048  surface
4  92.83  1  0.772128  10.693  9.934  0.750687  0.864134  -0.023193  surface
5  54.65  1  0.749562  11.310  11.996  0.469022  0.997093  -0.014809  surface
6  47.92  0  0.886702  10.881  8.387  -0.009709  0.799542  -0.002496  surface
7  40.92  0  0.733744  9.355  11.713  0.536678  1.003259  -0.008989  surface
8  90.31  1  0.690093  11.335  12.003  0.577393  1.063322  0.000444  surface
9  75.97  1  0.772877  10.238  11.358  0.469519  0.927638  -0.010606  surface
10  70.10  1  0.764589  10.601  10.978  0.463721  0.966866  0.004150  surface
11  63.90  1  0.814929  10.217  11.256  0.311195  0.954891  -0.021691  surface
12  72.68  1  0.800667  10.782  11.227  0.590457  1.006115  -0.024285  surface
13  90.77  1  0.837747  10.858  11.158  0.551435  0.932318  -0.015865  surface
14  94.47  1  0.831488  10.590  10.450  0.561263  0.905695  -0.014958  surface
15  43.21  0  0.784213  10.503  10.845  0.396212  0.950808  -0.015820  surface
16  79.93  1  0.822658  9.639  11.584  0.475782  0.946494  -0.016949  surface
17  109.24  1  0.805233  11.100  10.372  -0.039357  0.873298  -0.004558  surface
18  79.99  1  0.833895  11.081  11.327  0.245468  0.923504  -0.008728  surface
19  73.94  1  0.816591  10.568  11.664  0.412627  0.932177  -0.004854  surface
20  105.43  1  0.826832  10.703  10.954  0.230504  0.919578  -0.014791  surface
21  70.32  1  0.801840  9.885  11.741  0.491443  0.970359  -0.014542  surface
22  85.50  1  0.785000  11.087  11.398  0.488220  0.963643  -0.016225  surface
23  76.74  1  0.784198  11.045  11.340  0.389587  0.970872  -0.015864  surface
24  59.76  1  0.819031  10.717  11.149  0.347936  0.943882  -0.017210  surface
25  72.06  1  0.836133  11.437  10.971  0.391976  0.937406  -0.012744  surface
26  75.87  1  0.775633  10.641  12.053  0.434843  0.998325  -0.006901  surface
27  88.97  1  0.801745  11.260  11.476  0.479262  0.893340  -0.012579  surface
28  77.30  1  0.802439  10.550  11.352  0.655396  0.888096  -0.013456  surface
29  72.70  1  0.803664  11.807  11.097  0.346972  0.866744  -0.010812  surface
30  70.29  1  0.828034  11.088  9.943  0.443559  0.811812  -0.017726  surface
31  72.04  1  0.843168  11.354  8.855  0.280226  0.690110  -0.017553  surface
32  76.02  1  0.836047  11.163  9.367  0.217560  0.768450  -0.013600  surface
33  30.68  0  0.852578  11.003  8.649  0.206480  0.711900  -0.048166  surface
34  64.80  1  0.835745  9.969  9.062  0.062539  0.822035  -0.017166  surface
35  41.26  0  0.787345  11.717  8.949  0.614832  0.868647  -0.062080  surface
36  72.57  1  0.814297  11.272  9.121  0.506837  0.797753  -0.042708  surface
37  56.13  1  0.774873  10.920  8.740  0.589998  0.883762  -0.052175  surface
38  40.28  0  0.829792  10.942  8.757  0.292061  0.801288  -0.022882  surface
39  32.29  0  0.823084  10.963  9.382  0.463286  0.807286  -0.013357  surface
40  71.23  1  0.800203  11.135  9.082  0.493096  0.832064  -0.035236  surface
41  42.08  0  0.800796  11.679  9.035  0.117422  0.852469  -0.001561  surface
42  65.31  1  0.835487  10.913  8.935  0.404717  0.776061  -0.008710  surface
43  68.03  1  0.775738  10.825  9.693  0.480019  0.857718  -0.021701  surface
44  82.18  1  0.793198  10.896  9.296  0.557343  0.858137  -0.012662  surface
45  113.00  1  0.746831  10.475  11.274  0.716349  0.976319  -0.003273  surface
46  45.17  0  0.784191  10.308  9.988  0.411093  0.912399  -0.023610  surface
47  77.51  1  0.758141  10.904  9.474  0.570042  0.921586  -0.027149  surface
48  81.59  1  0.785540  11.366  9.830  0.357100  0.914492  -0.016144  surface
49  67.65  1  0.786181  10.752  9.433  0.262486  0.894553  -0.031785  surface
50  74.60  1  0.745694  10.598  9.442  0.607252  0.948337  -0.036140  surface
51  81.48  1  0.773431  10.552  9.920  0.641563  0.917763  -0.016231  surface
52  54.32  1  0.796279  11.154  9.883  0.320398  0.883565  -0.010419  surface
53  76.25  1  0.783573  10.918  9.659  0.355219  0.915966  -0.021713  surface
54  31.16  0  0.813455  11.178  9.505  -0.343770  0.937563  -0.035718  S3_pocket
55  94.07  1  0.692671  10.546  10.850  0.688324  1.080109  -0.016733  surface
56  75.60  1  0.734938  10.733  10.511  0.656754  0.950335  -0.020674  surface
57  77.88  1  0.726841  11.354  10.445  0.722365  0.964978  -0.017685  surface
58  53.87  1  0.806495  10.855  9.905  0.194037  0.850727  -0.001053  surface
59  55.57  1  0.663464  10.751  12.131  0.814218  1.132317  -0.028384  surface
60  41.99  0  0.755049  11.035  9.049  0.426303  0.939749  -0.045858  surface
61  81.43  1  0.677658  9.939  12.019  0.910943  1.126127  -0.011994  surface
62  34.85  0  0.801719  11.166  9.438  0.136952  0.907527  0.000092  surface
63  36.48  0  0.763054  10.856  9.919  0.467803  0.945773  -0.014507  surface
64  53.13  1  0.751404  10.502  10.600  0.665478  1.012014  0.003885  surface
65  53.87  1  0.814643  11.728  9.177  0.312500  0.929298  -0.026995  surface
66  89.14  1  0.763331  10.016  10.473  0.534556  0.988782  -0.011834  surface
67  103.29  1  0.702769  10.817  10.962  0.833860  1.072707  -0.009678  surface
68  69.77  1  0.701783  10.502  11.624  0.541454  1.094064  -0.020333  surface
69  69.32  1  0.814623  11.066  9.651  0.468453  0.864477  -0.015619  surface
70  55.17  1  0.791187  10.798  9.608  0.317194  0.929301  -0.015354  surface
71  79.84  1  0.733988  10.691  9.420  0.819587  0.998800  -0.041058  surface
72  24.27  0  0.840731  10.027  9.117  0.110029  0.902927  -0.031972  surface
73  44.93  0  0.772435  10.799  9.066  0.406691  0.961511  -0.056694  surface
74  28.50  0  0.788643  10.526  9.181  0.356277  0.907529  -0.051115  surface
75  92.73  1  0.764565  10.668  9.375  0.797935  0.939513  -0.041706  surface
76  60.62  1  0.781000  10.276  10.450  0.368057  1.018693  -0.015030  surface
77  81.80  1  0.806961  10.771  8.932  0.527616  0.919905  -0.017966  surface
78  27.61  0  0.763818  11.489  9.701  -0.036827  1.014363  -0.011638  surface
79  80.81  1  0.786900  12.718  8.846  0.476720  0.910794  -0.025570  surface
80  74.27  1  0.778247  11.852  9.497  0.490767  0.962866  -0.018408  surface
81  32.25  0  0.734423  11.193  11.665  0.704839  1.100959  -0.017174  surface
82  66.19  1  0.734300  12.897  8.853  0.586620  1.010183  -0.055163  surface
83  111.05  1  0.736113  13.106  9.614  0.716988  0.972468  -0.030110  surface
84  73.63  1  0.726658  12.177  10.942  0.795010  1.063754  -0.030643  surface
85  89.80  1  0.674269  10.009  12.189  0.927032  1.122322  -0.025324  surface
86  73.88  1  0.700628  10.558  11.363  0.704093  1.103011  -0.036282  surface
87  75.30  1  0.688978  10.767  11.764  0.851431  1.098125  -0.018255  surface
88  84.68  1  0.688312  11.321  12.435  0.904905  1.093101  -0.022942  surface
89  80.28  1  0.671611  10.411  11.495  0.785186  1.116815  -0.019315  surface
90  65.98  1  0.743909  10.257  10.298  0.651435  1.016744  -0.019181  surface
91  48.41  0  0.762863  10.783  10.135  0.592661  1.021522  -0.012183  surface
92  43.75  0  0.663678  10.127  12.274  0.752292  1.243651  -0.043729  surface
93  41.89  0  0.769051  11.238  10.400  0.334699  1.013846  -0.025482  surface
94  81.67  1  0.749188  11.696  10.182  0.620732  1.018830  -0.015727  surface
95  80.88  1  0.725225  12.661  12.008  0.683888  1.132171  -0.022646  surface
96  -13.11  0  0.791127  13.553  9.311  -0.269321  0.932914  -0.023781  surface
97  72.88  1  0.700204  8.035  14.065  0.474120  1.330253  -0.016721  surface
98  67.39  1  0.751206  7.868  11.228  0.133965  1.121498  -0.000782  surface
99  81.35  1  0.710241  7.141  12.951  0.596126  1.217701  -0.011599  surface
100  86.36  1  0.763632  7.319  12.001  0.188919  1.177757  -0.019075  surface
101  73.12  1  0.747232  7.279  12.205  0.110015  1.239743  -0.014230  surface
102  80.36  1  0.665096  7.440  14.168  0.469745  1.343536  -0.014892  surface
103  92.06  1  0.642587  9.208  12.545  0.789381  1.232820  -0.020321  surface
104  51.21  1  0.604187  10.064  13.547  0.877176  1.315925  -0.022503  surface
105  -125.35  3  0.751770  11.692  8.476  -0.844985  1.031181  0.003589  S3_pocket
106  -92.67  3  0.846441  12.158  6.806  -0.980446  0.882837  -0.007181  S3_pocket
107  -86.82  2  0.850201  12.069  7.885  -0.935994  0.944530  -0.010787  S3_pocket
108  -112.86  3  0.794498  10.402  8.756  -0.962348  1.057136  -0.012588  S3_pocket
109  -76.16  2  0.855061  12.256  6.970  -0.982811  0.827509  -0.040360  S3_pocket
110  -124.48  3  0.870218  12.559  6.401  -0.764122  0.840648  -0.014904  S3_pocket
111  -131.13  3  0.726353  12.141  8.990  -0.919482  1.303256  -0.016899  S3_pocket
112  -92.01  3  0.893416  12.439  6.035  -0.957222  0.792455  0.002145  S3_pocket
113  -105.22  3  0.871581  13.026  6.392  -0.894638  0.869216  0.004554  S3_pocket
114  -112.87  3  0.834461  11.920  8.270  -0.977374  0.976263  -0.005607  S3_pocket
115  -78.33  2  0.860429  11.378  6.365  -0.997016  0.867061  -0.004110  S3_pocket
116  -84.71  2  0.866125  11.587  6.250  -0.998391  0.888982  -0.015578  S3_pocket
117  -93.98  3  0.838684  12.090  6.009  -0.973322  0.898796  0.004783  S3_pocket
118  -125.73  3  0.873746  12.714  5.931  -0.715713  0.947653  -0.015168  S3_pocket
119  -112.68  3  0.872315  12.419  6.526  -0.740812  0.990570  0.002710  S3_pocket
120  -155.97  3  0.842930  12.415  6.693  -0.237411  0.928990  0.003818  S3_pocket
121  -129.88  3  0.939841  12.810  4.964  -0.193995  0.822935  -0.004097  S3_pocket
122  -129.93  3  0.899041  11.821  5.897  -0.430394  0.876844  0.001722  S3_pocket
123  95.62  1  0.893216  11.289  6.959  -0.759524  0.810960  0.002524  S3_pocket
124  112.06  1  0.855936  9.348  5.269  -0.988172  0.877285  -0.003590  S3_pocket
125  155.96  0  0.902621  9.780  5.420  -0.819910  0.679704  -0.006920  S3_pocket
126  119.22  1  0.842621  9.729  5.395  -0.902234  0.859349  -0.009068  S3_pocket
127  125.31  1  0.923316  9.445  4.659  -0.949056  0.812897  -0.009075  S3_pocket
128  89.95  1  0.864045  10.455  5.726  -0.734954  0.809889  0.001799  S3_pocket
129  117.82  1  0.884085  10.610  6.204  -0.816335  0.765227  -0.003119  S3_pocket
130  124.57  1  0.959162  11.081  5.431  -0.794114  0.617022  0.001662  S3_pocket
131  115.93  1  0.898904  10.863  7.015  -0.850943  0.753272  0.001237  S3_pocket
132  130.04  1  0.903539  10.116  5.487  -0.822184  0.718328  0.000238  S3_pocket
133  -127.88  3  0.745288  12.668  8.005  -0.417254  1.120172  -0.001353  S3_pocket
134  -108.39  3  0.887356  12.417  6.000  -0.950576  0.863286  -0.000929  S3_pocket
135  -130.73  3  0.889164  12.558  5.949  -0.599414  0.856946  -0.010495  S3_pocket
136  -143.64  3  0.850043  12.163  6.546  -0.656364  0.932705  -0.008427  S3_pocket
137  -98.82  3  0.858177  12.340  6.626  -0.812550  0.967005  -0.008590  S3_pocket
138  -109.02  3  0.932081  12.715  4.972  -0.566657  0.748785  -0.004669  S3_pocket
139  -92.87  3  0.824896  12.249  6.309  -0.917667  0.938158  -0.027169  S3_pocket
140  -120.97  3  0.781314  13.028  8.136  -0.433214  1.169934  -0.003214  S3_pocket
141  -110.06  3  0.856120  11.427  6.815  -0.933374  0.938905  -0.010108  S3_pocket
142  -119.44  3  0.835063  11.818  6.317  -0.697764  0.906834  0.007536  S3_pocket
143  -104.83  3  0.923404  13.005  5.556  -0.589863  0.843346  -0.014946  S3_pocket
144  -92.57  3  0.896673  12.877  6.163  -0.719062  0.876987  -0.004057  S3_pocket
145  -101.07  3  0.876039  12.161  6.752  -0.807988  0.914146  -0.009415  S3_pocket
146  -108.95  3  0.903826  12.258  6.459  -0.683603  0.916103  -0.007466  S3_pocket
147  -130.09  3  0.904808  12.212  6.199  -0.704839  0.867353  -0.005317  S3_pocket
148  -117.99  3  0.840247  11.605  6.878  -0.814647  0.968652  -0.000299  S3_pocket
149  -104.87  3  0.898658  12.739  5.573  -0.785096  0.804865  -0.003992  S3_pocket
150  -125.80  3  0.890527  12.358  5.673  -0.697186  0.810116  -0.004242  S3_pocket
151  -141.84  3  0.875757  13.166  6.226  -0.593627  0.832806  0.003558  S3_pocket
152  -120.44  3  0.884797  12.731  6.135  -0.728095  0.917922  -0.000610  S3_pocket
153  -143.99  3  0.890914  12.807  5.701  -0.603767  0.870857  -0.000520  S3_pocket
154  -120.74  3  0.911749  12.540  6.081  -0.774318  0.861349  0.009898  S3_pocket
155  -120.86  3  0.914059  13.325  5.631  -0.639884  0.810203  0.004060  S3_pocket
156  -98.51  3  0.882848  12.401  6.353  -0.927432  0.905718  -0.025665  S3_pocket
157  -128.00  3  0.890281  12.896  5.827  -0.687205  0.821848  -0.001313  S3_pocket
158  -118.11  3  0.939808  13.581  5.168  -0.601341  0.795246  -0.002192  S3_pocket
159  -146.18  3  0.912968  12.885  5.370  -0.558972  0.740631  0.000847  S3_pocket
160  -123.08  3  0.928662  13.063  5.096  -0.628980  0.805226  0.003260  S3_pocket
161  -117.70  3  0.909538  12.463  5.904  -0.775787  0.843406  0.000410  S3_pocket
162  -120.46  3  0.921783  12.933  5.440  -0.589944  0.849023  0.000907  S3_pocket
163  -119.06  3  0.923087  13.065  5.369  -0.629814  0.816133  -0.002978  S3_pocket
164  -129.35  3  0.895016  12.284  5.540  -0.662105  0.838992  -0.001785  S3_pocket
165  -124.12  3  0.864872  12.773  6.281  -0.633019  0.954694  -0.003345  S3_pocket
166  -119.71  3  0.811124  12.369  7.261  -0.820163  1.072248  -0.006678  S3_pocket
167  -133.67  3  0.926821  12.121  5.244  -0.678646  0.860905  -0.008020  S3_pocket
168  -119.06  3  0.996427  12.777  5.115  -0.739252  0.742318  -0.008312  S3_pocket
169  -123.24  3  0.888390  11.190  6.113  -0.735882  0.845039  -0.006542  S3_pocket
170  -111.46  3  0.893319  12.091  5.920  -0.776606  0.928201  -0.020757  S3_pocket
171  -107.56  3  0.933430  13.258  5.168  -0.700317  0.792436  -0.007340  S3_pocket
172  -93.20  3  0.894622  12.931  5.203  -0.888642  0.853026  -0.010463  S3_pocket
173  -145.77  3  0.913144  11.410  5.660  -0.561905  0.841812  0.004509  S3_pocket
174  -117.05  3  0.941120  12.764  5.250  -0.658695  0.816765  0.003011  S3_pocket
175  -103.93  3  0.901986  12.923  5.644  -0.793039  0.895959  -0.001360  S3_pocket
176  -122.32  3  0.897528  12.732  4.989  -0.710748  0.861860  0.001728  S3_pocket
177  -142.95  3  0.971242  12.302  4.503  -0.567853  0.750996  -0.004928  S3_pocket
178  -125.66  3  0.914309  12.083  5.576  -0.771164  0.856312  -0.006979  S3_pocket
179  -122.75  3  0.943242  12.526  5.304  -0.632026  0.769529  0.009819  S3_pocket
180  -104.69  3  0.894324  13.095  6.000  -0.861636  0.915222  0.002622  S3_pocket
181  -96.64  3  0.907672  12.378  5.874  -0.816573  0.871557  -0.001703  S3_pocket
182  -110.08  3  0.869477  12.156  6.653  -0.791662  0.956495  -0.011324  S3_pocket
183  -129.50  3  0.836527  12.567  6.246  -0.672596  0.976796  -0.002648  S3_pocket
184  -114.52  3  0.922571  12.392  5.738  -0.641880  0.836909  -0.004002  S3_pocket
185  -125.89  3  0.882385  11.791  6.293  -0.827656  0.901213  -0.003027  S3_pocket
186  -103.04  3  0.837355  12.765  6.778  -0.742994  1.002851  -0.010053  S3_pocket
187  -127.81  3  0.883226  12.516  5.738  -0.740158  0.892008  0.005597  S3_pocket
188  -112.53  3  0.899978  12.954  5.578  -0.519403  0.828070  -0.003072  S3_pocket
189  -133.15  3  0.933769  12.620  5.137  -0.548958  0.799429  -0.000058  S3_pocket
190  -123.60  3  0.909861  13.060  5.554  -0.523543  0.818644  -0.000709  S3_pocket
191  -112.67  3  0.918063  13.235  5.418  -0.726364  0.831860  -0.016857  S3_pocket
192  -102.13  3  0.924221  12.623  4.953  -0.678004  0.724465  -0.011506  S3_pocket
193  -106.76  3  0.898771  12.780  5.342  -0.343247  0.842013  0.002784  S3_pocket
194  -132.23  3  0.928718  13.200  5.561  -0.543047  0.766775  0.004604  S3_pocket
195  -130.41  3  0.924427  13.030  4.847  -0.563199  0.750460  0.000492  S3_pocket
196  -118.73  3  0.873494  13.167  5.786  -0.712613  0.875907  -0.001643  S3_pocket
197  -120.07  3  0.915946  13.152  5.204  -0.648942  0.814844  -0.007575  S3_pocket
198  -128.57  3  0.946524  12.820  5.250  -0.546779  0.727548  -0.003943  S3_pocket
199  -108.97  3  0.934103  12.942  5.593  -0.758195  0.812935  -0.008803  S3_pocket
200  -106.62  3  0.969151  12.733  5.090  -0.646411  0.720534  -0.004756  S3_pocket
201  -114.67  3  0.870682  12.277  6.240  -0.832910  0.924015  -0.007234  S3_pocket
202  -141.07  3  0.930431  12.967  5.460  -0.425218  0.764787  0.005995  S3_pocket
203  -117.64  3  0.959218  12.377  5.330  -0.821933  0.776188  -0.010787  S3_pocket
204  -115.17  3  0.856144  11.167  6.439  -0.888304  0.927023  -0.017974  S3_pocket
205  -128.31  3  0.861412  12.706  7.187  -0.764734  1.003368  0.003703  S3_pocket
206  -126.56  3  0.879633  12.680  5.860  -0.634699  0.898024  -0.001052  S3_pocket
207  -122.59  3  0.811038  12.771  7.422  -0.901550  1.098051  -0.002777  S3_pocket
208  -100.19  3  0.899678  13.158  5.698  -0.791623  0.860032  -0.013421  S3_pocket
209  -137.18  3  0.921995  12.092  5.402  -0.773304  0.856276  0.001818  S3_pocket
210  -147.63  3  0.938888  13.340  4.582  -0.266659  0.706548  -0.002888  S3_pocket
211  -131.02  3  0.939331  12.051  5.407  -0.540917  0.798451  -0.004280  S3_pocket
212  -144.15  3  0.832611  12.347  7.455  -0.729060  1.076108  -0.001494  S3_pocket
213  -131.03  3  0.935457  12.694  4.750  -0.750066  0.714194  -0.000215  S3_pocket
214  -113.65  3  0.912138  12.895  5.655  -0.744656  0.816325  0.006226  S3_pocket
215  -135.69  3  0.916256  13.472  5.790  -0.702969  0.869875  -0.008847  S3_pocket
216  -111.21  3  0.861875  13.059  5.816  -0.698320  0.855341  0.001973  S3_pocket
217  -131.89  3  0.874882  13.019  6.589  -0.716100  0.883488  -0.007983  S3_pocket
218  -115.50  3  0.889784  12.718  6.229  -0.735469  0.866474  -0.015486  S3_pocket
219  -122.39  3  0.901502  12.832  6.392  -0.767736  0.852899  -0.001474  S3_pocket
220  -143.61  3  0.933656  13.905  5.096  -0.581574  0.751093  0.000393  S3_pocket
221  -116.60  3  0.886861  13.285  5.967  -0.778141  0.864832  -0.001919  S3_pocket
222  -102.85  3  0.929405  13.121  5.669  -0.756593  0.808526  0.000370  S3_pocket
223  -126.67  3  0.916177  12.746  5.329  -0.695164  0.865189  -0.006190  S3_pocket
224  -150.56  3  0.882630  12.415  5.312  -0.469978  0.836932  -0.002062  S3_pocket
225  -103.23  3  0.891172  12.803  5.490  -0.588734  0.821376  -0.003089  S3_pocket
226  -119.24  3  0.880274  13.503  6.018  -0.686014  0.931840  -0.001251  S3_pocket
227  -141.48  3  0.902698  12.460  4.888  -0.413313  0.802820  -0.002486  S3_pocket
228  -116.65  3  0.876503  12.425  5.559  -0.662103  0.913718  -0.004355  S3_pocket
229  -110.45  3  0.858518  12.124  5.948  -0.735253  0.955597  -0.011202  S3_pocket
230  -115.33  3  0.950358  12.733  5.094  -0.528342  0.828537  -0.025132  S3_pocket
231  -117.65  3  0.957934  12.081  5.158  -0.501852  0.828634  -0.007075  S3_pocket
232  -140.23  3  0.902955  12.605  5.209  -0.591039  0.910770  -0.004104  S3_pocket
233  -119.02  3  0.881845  12.761  5.278  -0.455226  0.812041  -0.009216  S3_pocket
234  -118.66  3  0.876440  12.662  5.757  -0.694418  0.952350  -0.007680  S3_pocket
235  -135.98  3  0.930661  12.840  5.623  -0.408928  0.891271  -0.014491  S3_pocket
236  -93.81  3  0.866845  12.697  6.127  -0.618713  0.958148  -0.023367  S3_pocket
237  -128.87  3  0.837609  12.573  6.961  -0.540440  1.028126  -0.004354  S3_pocket
238  -140.69  3  0.915744  12.230  5.488  -0.508342  0.860292  -0.004524  S3_pocket
239  -147.25  3  0.868162  12.756  7.257  -0.555821  1.083039  -0.013369  S3_pocket
240  -113.71  3  0.945569  13.128  4.983  -0.244748  0.767140  -0.011021  S3_pocket
241  -107.08  3  0.995120  12.407  4.956  -0.290325  0.632186  -0.019746  S3_pocket
242  -93.47  3  0.965313  11.603  5.157  -0.431698  0.622331  -0.031565  S3_pocket
243  -122.40  3  0.857928  11.768  5.976  -0.858684  0.870231  0.002660  S3_pocket
244  -96.22  3  0.849454  11.614  6.234  -0.837151  0.950542  -0.011243  S3_pocket
245  -69.37  2  0.858611  11.796  6.331  -0.692615  0.941582  -0.015276  S3_pocket
246  -78.01  2  0.839749  12.079  6.106  -0.735414  0.964402  -0.003307  S3_pocket
247  -57.25  2  0.853286  9.700  6.971  0.048552  0.913585  -0.013976  surface
248  -56.94  2  0.847196  12.627  5.011  -0.635825  0.907965  -0.017938  S3_pocket
249  -115.70  3  0.889774  12.698  5.979  -0.728424  0.895634  -0.012238  S3_pocket
250  -121.77  3  0.898655  11.967  5.212  -0.631017  0.837277  -0.002197  S3_pocket
251  -128.81  3  0.873017  12.267  5.383  -0.654820  0.825417  0.004069  S3_pocket
252  -114.20  3  0.908671  13.282  5.375  -0.586330  0.909578  -0.010274  S3_pocket
253  -120.95  3  0.890579  13.039  5.279  -0.627589  0.844577  -0.002767  S3_pocket
254  -110.09  3  0.964588  13.285  4.723  -0.625924  0.829437  -0.021104  S3_pocket
255  -118.20  3  0.939966  12.979  4.778  -0.468457  0.814030  -0.011063  S3_pocket
256  -109.69  3  0.904750  12.855  5.170  -0.590857  0.834662  -0.009787  S3_pocket
257  -145.51  3  0.945568  12.766  5.070  -0.598581  0.816217  -0.002183  S3_pocket
258  -147.20  3  0.931375  13.598  5.234  -0.373440  0.847851  0.001589  S3_pocket
259  -122.00  3  0.872842  12.421  5.872  -0.500303  0.882477  -0.005582  S3_pocket
260  -128.17  3  0.895244  13.352  5.498  -0.737426  0.877269  -0.007560  S3_pocket
261  -137.95  3  0.905768  13.450  5.415  -0.570424  0.932492  -0.003404  S3_pocket
262  -123.62  3  0.899819  12.332  5.352  -0.807391  0.883351  -0.003235  S3_pocket
263  -136.85  3  0.918357  12.643  5.100  -0.384229  0.819233  0.003639  S3_pocket
264  -147.21  3  0.913475  12.867  5.228  -0.468567  0.833614  0.009966  S3_pocket
265  -126.94  3  0.928316  12.859  5.281  -0.659780  0.853056  0.002952  S3_pocket
266  -134.41  3  0.988092  13.492  5.147  -0.319254  0.679164  -0.018392  S3_pocket
267  -106.59  3  0.987312  12.993  4.567  -0.563451  0.708332  -0.019887  S3_pocket
268  -97.56  3  0.965001  13.146  4.232  -0.415475  0.637730  -0.004751  S3_pocket
269  -142.24  3  0.961640  12.661  4.460  -0.315455  0.711477  -0.010671  S3_pocket
270  -141.68  3  0.966396  12.830  4.888  -0.130847  0.677787  -0.011438  S3_pocket
271  -83.29  2  0.824270  11.947  6.168  -0.842330  0.938356  0.002124  S3_pocket
272  -104.55  3  0.826460  12.295  6.413  -0.908549  0.993003  -0.004923  S3_pocket
273  -95.91  3  0.849195  12.112  6.318  -0.967948  0.933625  -0.002447  S3_pocket
274  -72.46  2  0.845992  12.387  6.275  -0.704955  0.907921  -0.000492  S3_pocket
275  -93.99  3  0.846946  13.050  6.519  -0.884045  0.957468  -0.005896  S3_pocket
276  -137.27  3  0.862160  12.492  6.501  -0.516427  0.963646  0.003161  S3_pocket
277  -145.36  3  0.843058  12.811  6.353  -0.697898  0.961523  -0.000942  S3_pocket
278  -87.35  2  0.839673  12.864  5.782  -0.870847  0.911311  -0.025123  S3_pocket
279  -131.23  3  0.867556  12.168  5.894  -0.552349  0.878783  0.005421  S3_pocket
280  -126.54  3  0.921253  12.632  4.696  -0.562496  0.723096  -0.008273  S3_pocket
281  -130.27  3  0.888561  13.297  5.778  -0.802030  0.822120  0.000975  S3_pocket
282  -128.62  3  0.917964  12.627  4.923  -0.683388  0.799896  -0.005670  S3_pocket
283  -110.44  3  0.892881  12.552  5.620  -0.600847  0.828623  0.004998  S3_pocket
284  -104.55  3  0.910546  12.149  5.021  -0.593513  0.780739  -0.018106  S3_pocket
285  -123.63  3  0.909816  12.830  4.861  -0.438067  0.774070  -0.008622  S3_pocket
286  -110.23  3  0.865725  12.851  5.731  -0.581421  0.934796  -0.002866  S3_pocket
287  -133.08  3  0.900024  11.985  5.233  -0.551920  0.834626  -0.005797  S3_pocket
288  -106.06  3  0.855597  12.408  6.317  -0.699962  0.924446  -0.007766  S3_pocket
289  -133.51  3  0.905626  13.376  5.401  -0.525777  0.789402  -0.000995  S3_pocket
290  -112.31  3  0.887182  12.905  5.482  -0.509319  0.862076  -0.007942  S3_pocket
291  -147.74  3  0.911635  12.730  5.756  -0.592372  0.760250  -0.001267  S3_pocket
292  -132.42  3  0.914153  13.045  5.151  -0.562085  0.800268  -0.000091  S3_pocket
293  -149.25  3  0.906636  12.460  5.609  -0.728051  0.847904  -0.007993  S3_pocket
294  -122.36  3  0.899347  12.591  5.456  -0.693247  0.802729  -0.015694  S3_pocket
295  -118.35  3  0.937433  13.206  5.000  -0.572418  0.749379  -0.000141  S3_pocket
296  -111.98  3  0.922192  12.921  5.302  -0.639450  0.811650  0.004436  S3_pocket
297  -107.47  3  0.895029  12.657  5.631  -0.631306  0.840657  -0.017529  S3_pocket
298  -95.94  3  0.863105  12.721  5.128  -0.741808  0.884991  -0.013950  S3_pocket
299  -108.44  3  0.843928  12.816  6.532  -0.917166  0.917216  -0.013979  S3_pocket
300  -152.51  3  0.855314  12.712  6.182  -0.600836  0.896824  0.000662  S3_pocket
301  -99.56  3  0.864523  12.478  5.932  -0.710478  0.906423  -0.006452  S3_pocket
302  -118.52  3  0.925579  12.968  5.297  -0.567710  0.808375  -0.003460  S3_pocket
303  -116.42  3  0.924499  13.273  4.988  -0.552416  0.789786  -0.009911  S3_pocket
304  -115.91  3  0.883197  13.572  5.390  -0.594900  0.867279  0.007013  S3_pocket
305  -118.95  3  0.944224  13.513  5.010  -0.731694  0.800296  -0.002111  S3_pocket
306  -106.60  3  0.918019  13.112  5.238  -0.863889  0.862419  -0.004982  S3_pocket
307  -92.60  3  0.883349  13.261  5.664  -0.880389  0.898240  -0.020953  S3_pocket
308  -91.20  3  0.893798  13.480  5.734  -0.823923  0.830218  -0.016906  S3_pocket
309  -102.68  3  0.885800  12.924  5.414  -0.691878  0.889090  -0.010694  S3_pocket
310  -130.83  3  0.898003  13.367  5.549  -0.741247  0.779639  0.001255  S3_pocket
311  -86.52  2  0.906451  13.059  5.818  -0.848389  0.839874  -0.000985  S3_pocket
312  -127.65  3  0.902922  12.672  5.917  -0.695990  0.776319  0.016683  S3_pocket
313  -117.12  3  0.918142  13.227  5.410  -0.664196  0.742199  0.003901  S3_pocket
314  -136.48  3  0.898184  13.323  5.977  -0.656025  0.813701  0.007929  S3_pocket
315  -84.75  2  0.793682  13.166  6.963  -0.757785  1.006327  -0.000169  S3_pocket
316  -119.54  3  0.893354  13.016  5.103  -0.510961  0.827198  0.000489  S3_pocket
317  -115.96  3  0.892608  12.835  5.538  -0.616320  0.848277  -0.000453  S3_pocket
318  -119.25  3  0.909309  13.211  5.056  -0.560148  0.741400  -0.010672  S3_pocket
319  -100.45  3  0.863093  13.206  5.973  -0.919423  0.876569  -0.008914  S3_pocket
320  -97.08  3  0.873449  13.242  5.352  -0.704909  0.819915  -0.010721  S3_pocket
321  56.73  1  0.870104  11.491  6.750  0.481435  0.592644  -0.009099  surface
322  99.18  1  0.813509  12.322  7.974  0.801069  0.891725  0.001571  surface
323  83.14  1  0.901282  12.674  6.011  0.712378  0.646482  0.002158  surface
324  22.80  0  0.927714  12.566  6.118  0.475969  0.663627  -0.003028  surface
325  91.86  1  0.939715  11.923  5.489  0.429682  0.574047  -0.017829  surface
326  89.51  1  0.934671  11.770  5.952  0.639679  0.589294  -0.015958  surface
327  83.46  1  0.818017  12.222  7.434  0.789350  0.868014  -0.014650  surface
328  102.85  1  0.859068  13.085  5.308  0.787284  0.719563  -0.021658  surface
329  61.13  1  0.937768  13.525  4.943  0.431689  0.744203  -0.017321  surface
330  84.94  1  0.870393  12.682  6.007  0.826621  0.729567  -0.014867  surface
331  21.26  0  0.908411  11.692  5.051  0.218373  0.732275  -0.002920  surface
332  87.90  1  0.830601  12.272  6.501  0.870025  0.826962  -0.003355  surface
333  64.09  1  0.918405  12.235  4.917  0.581227  0.699930  -0.026365  surface
334  36.74  0  0.930503  12.812  4.888  0.466103  0.746475  -0.023561  surface
335  83.97  1  0.891000  12.615  5.678  0.709340  0.757544  -0.011603  surface
336  62.15  1  0.916872  12.070  4.263  0.357228  0.690598  -0.023945  surface
337  74.14  1  0.923323  12.797  4.761  0.726043  0.734626  -0.012052  surface
338  78.45  1  0.902898  11.798  5.695  0.844873  0.656319  -0.001753  surface
339  108.61  1  0.923402  11.488  5.537  0.780223  0.672977  -0.014333  surface
340  109.72  1  0.891631  11.718  5.437  0.697217  0.722058  -0.005052  surface
341  90.02  1  0.873381  12.250  6.532  0.889581  0.773819  -0.013041  surface
342  65.34  1  0.889361  11.895  5.563  0.870356  0.711043  -0.008771  surface
343  81.31  1  0.889615  11.496  5.447  0.884282  0.746560  -0.018589  surface
344  96.88  1  0.906431  11.241  5.271  0.852839  0.713430  -0.024847  surface
345  105.78  1  0.873403  11.521  5.494  0.801916  0.717138  0.001971  surface
346  46.00  0  0.923066  13.140  5.106  0.392046  0.686392  -0.009288  surface
347  62.94  1  0.864864  11.752  5.985  0.651845  0.778962  -0.018741  surface
348  54.60  1  0.871059  11.892  5.466  0.573479  0.763404  -0.020316  surface
349  65.68  1  0.927988  12.119  4.896  0.536920  0.678477  -0.029473  surface
350  86.18  1  0.834902  12.291  6.378  0.780334  0.775784  -0.018575  surface
351  70.57  1  0.876837  13.288  5.608  0.602262  0.780853  -0.018383  surface
352  62.77  1  0.883758  13.188  4.787  0.608932  0.756454  -0.018952  surface
353  52.67  1  0.903379  13.309  4.624  0.500551  0.713621  -0.026212  surface
354  77.23  1  0.880687  13.362  5.494  0.722826  0.786020  -0.023514  surface
355  54.11  1  0.916157  13.191  5.203  0.591590  0.708883  -0.037885  surface
356  59.10  1  0.925326  12.786  5.207  0.696202  0.725524  -0.010441  surface
357  44.28  0  0.980702  12.393  4.659  0.416952  0.706156  -0.010679  surface
358  75.09  1  0.889689  12.648  5.030  0.620585  0.738219  -0.020680  surface
359  48.01  0  0.901999  12.913  5.374  0.607009  0.784809  -0.010828  surface
360  51.69  1  0.919703  12.778  5.010  0.739525  0.761591  -0.016787  surface
361  56.93  1  0.908890  13.364  4.919  0.515665  0.733339  -0.029006  surface
362  68.36  1  0.904923  12.433  5.099  0.367286  0.735193  -0.015554  surface
363  90.80  1  0.894274  12.437  5.056  0.721377  0.758432  -0.029126  surface
364  62.32  1  0.843562  12.669  5.924  0.752876  0.829477  -0.029644  surface
365  100.59  1  0.873356  11.841  5.980  0.920791  0.690786  -0.014135  surface
366  75.03  1  0.785678  12.962  7.118  0.799349  0.884647  -0.001270  surface
367  100.11  1  0.798750  11.976  6.947  0.853962  0.852078  0.000330  surface
368  58.85  1  0.793223  12.390  8.105  0.928132  0.956499  -0.011903  surface
369  98.62  1  0.925224  11.290  5.449  0.820443  0.733111  -0.010732  surface
370  88.25  1  0.881369  11.133  5.549  0.811347  0.717676  -0.012585  surface
371  100.48  1  0.896113  12.000  5.761  0.876135  0.747727  -0.017919  surface
372  73.43  1  0.866171  11.539  6.030  0.778576  0.747662  -0.014984  surface
373  78.65  1  0.891119  12.459  5.566  0.832225  0.750586  -0.000261  surface
374  99.56  1  0.891158  11.702  5.704  0.939649  0.693066  -0.023207  surface
375  88.07  1  0.868826  11.526  6.512  0.895195  0.802903  -0.014284  surface
376  100.72  1  0.891954  12.662  5.608  0.796946  0.724851  -0.000764  surface
377  81.33  1  0.884271  11.365  5.792  0.917125  0.736759  -0.016854  surface
378  69.43  1  0.891025  11.810  6.616  0.938448  0.764804  -0.016156  surface
379  97.06  1  0.929323  11.021  5.273  0.848328  0.664353  -0.027713  surface
380  65.13  1  0.894046  11.629  5.935  0.828112  0.750609  0.011220  surface
381  77.89  1  0.887384  11.195  5.340  0.738277  0.679966  -0.009775  surface
382  74.77  1  0.887400  10.932  5.754  0.794772  0.648425  -0.022811  surface
383  90.98  1  0.896289  11.477  5.490  0.673968  0.690156  -0.021555  surface
384  93.61  1  0.894934  12.488  5.584  0.702675  0.689297  -0.011644  surface
385  81.96  1  0.914734  11.470  5.896  0.878142  0.684821  -0.020706  surface
386  94.17  1  0.897437  11.259  5.722  0.625954  0.602530  -0.019078  surface
387  71.13  1  0.863658  13.451  5.715  0.396156  0.693451  -0.003882  surface
388  77.34  1  0.928984  11.393  5.766  0.637561  0.652019  -0.020417  surface
389  88.33  1  0.893187  11.381  5.126  0.519885  0.664315  -0.004478  surface
390  82.11  1  0.882995  11.300  5.517  0.558963  0.682246  -0.005992  surface
391  63.25  1  0.881612  11.838  5.970  0.461797  0.628298  -0.000462  surface
392  -97.91  3  0.840316  12.537  6.016  -0.900996  0.943537  0.000416  S3_pocket
393  -79.91  2  0.852736  12.421  5.604  -0.958725  0.888467  -0.011098  S3_pocket
394  -108.16  3  0.810942  12.476  6.004  -0.952356  0.975252  -0.004104  S3_pocket
395  -124.22  3  0.941142  11.109  6.133  -0.392023  0.579555  -0.016352  S3_pocket
396  164.97  0  0.887830  9.693  5.694  -0.827479  0.767042  -0.000449  S3_pocket
397  -170.39  0  0.975311  10.222  5.110  -0.464169  0.571912  -0.001335  S3_pocket
398  -166.19  0  0.983504  10.333  4.653  -0.275477  0.599503  -0.011751  S3_pocket
399  123.14  1  0.944461  10.143  4.851  -0.758054  0.734548  -0.004592  S3_pocket
400  149.82  1  0.949564  10.306  4.420  -0.645187  0.708369  -0.006648  S3_pocket
401  139.81  1  1.000887  11.203  4.358  -0.317195  0.491740  0.001345  S3_pocket
402  161.80  0  1.000974  10.884  4.276  -0.604519  0.553567  0.003045  S3_pocket
403  -117.40  3  0.967565  10.978  5.318  -0.521906  0.529826  0.001474  S3_pocket
404  124.62  1  0.989601  10.216  4.155  -0.630291  0.585815  0.001876  S3_pocket
405  138.87  1  0.952961  10.210  5.031  -0.857363  0.711465  -0.014093  S3_pocket
406  136.75  1  0.970499  9.957  4.849  -0.732131  0.656005  -0.017429  S3_pocket
407  143.89  1  0.963105  9.727  4.328  -0.461945  0.589460  -0.010420  S3_pocket
408  132.73  1  1.018117  10.605  4.084  -0.610596  0.567968  -0.006138  S3_pocket
409  127.32  1  0.973729  9.755  4.133  -0.555840  0.628423  -0.008474  S3_pocket
410  118.09  1  0.961335  9.652  4.972  -0.794965  0.672444  -0.009722  S3_pocket
411  125.58  1  0.962788  10.460  5.386  -0.812378  0.677596  -0.007756  S3_pocket
412  100.62  1  0.911000  9.976  4.658  -0.840558  0.691894  -0.017942  S3_pocket
413  115.34  1  0.953070  10.170  5.687  -0.720978  0.658915  -0.003121  S3_pocket
414  147.67  1  0.970190  10.106  4.349  -0.671217  0.638546  -0.000108  S3_pocket
415  102.49  1  0.968551  9.847  4.996  -0.883510  0.679405  -0.003476  S3_pocket
416  121.63  1  0.919899  9.755  6.503  -0.890528  0.792350  -0.013763  S3_pocket
417  174.10  0  0.965991  9.758  4.920  -0.564637  0.663871  0.001251  S3_pocket
418  116.51  1  1.002286  10.045  5.195  -0.738867  0.679184  -0.007113  S3_pocket
419  124.42  1  0.955361  9.779  5.403  -0.800451  0.671029  -0.008890  S3_pocket
420  117.37  1  0.957924  10.054  4.729  -0.901241  0.730960  -0.014351  S3_pocket
421  125.80  1  0.970392  9.848  4.735  -0.812201  0.754427  -0.013138  S3_pocket
422  113.48  1  0.959997  9.994  4.883  -0.763469  0.661354  -0.008097  S3_pocket
423  119.94  1  0.975509  10.064  5.083  -0.885849  0.742640  -0.013064  S3_pocket
424  105.97  1  0.975522  10.358  5.163  -0.826722  0.693908  -0.016057  S3_pocket
425  127.64  1  0.950921  9.796  4.951  -0.886599  0.747135  -0.012587  S3_pocket
426  98.18  1  1.015993  10.803  4.540  -0.708161  0.560701  -0.013972  S3_pocket
427  122.10  1  0.963523  9.912  4.721  -0.850324  0.707735  -0.005153  S3_pocket
428  131.84  1  0.979322  9.769  4.335  -0.745666  0.688320  -0.014954  S3_pocket
429  118.57  1  0.978987  10.147  4.495  -0.801455  0.689729  -0.003788  S3_pocket
430  103.45  1  0.964575  10.304  4.421  -0.798799  0.705365  -0.015655  S3_pocket
431  129.69  1  0.951189  10.728  5.035  -0.795674  0.746274  -0.001335  S3_pocket
432  150.58  0  0.936182  9.471  5.798  -0.606759  0.709058  -0.005290  S3_pocket
433  123.01  1  0.951486  10.149  5.358  -0.733533  0.732681  -0.003506  S3_pocket
434  126.47  1  0.974891  10.090  4.681  -0.653367  0.633337  -0.007016  S3_pocket
435  -177.08  0  0.952705  10.670  4.520  -0.456707  0.657021  0.003547  S3_pocket
436  124.25  1  0.935082  10.208  4.098  -0.841587  0.676561  -0.009948  S3_pocket
437  142.52  1  0.957186  10.015  4.129  -0.538207  0.645435  -0.002856  S3_pocket
438  135.10  1  0.952304  10.559  3.994  -0.634211  0.663748  -0.017303  S3_pocket
439  158.89  0  0.910545  9.618  4.277  -0.698703  0.704997  -0.008747  S3_pocket
440  122.10  1  0.971325  9.787  4.648  -0.773947  0.632751  -0.014554  S3_pocket
441  132.79  1  0.926756  10.110  4.961  -0.750913  0.633299  0.003095  S3_pocket
442  134.10  1  0.899089  10.539  5.924  -0.763942  0.742452  0.001286  S3_pocket
443  125.88  1  0.941128  9.624  4.714  -0.733081  0.649291  -0.001652  S3_pocket
444  124.66  1  0.964354  10.544  4.005  -0.668097  0.635737  0.001953  S3_pocket
445  140.03  1  0.948233  9.794  4.510  -0.708749  0.658441  0.002306  S3_pocket
446  125.32  1  0.932860  9.975  4.379  -0.843054  0.717787  -0.017788  S3_pocket
447  95.84  1  0.909605  10.578  5.654  -0.944708  0.809758  -0.015839  S3_pocket
448  151.38  0  0.886270  9.491  6.607  -0.620583  0.767135  -0.001339  S3_pocket
449  123.34  1  0.936086  9.868  5.292  -0.863693  0.781758  -0.020223  S3_pocket
450  118.31  1  0.878838  9.961  6.274  -0.843383  0.792690  -0.012808  S3_pocket
451  120.14  1  0.922356  9.812  6.324  -0.822418  0.828933  0.003700  S3_pocket
452  85.99  1  0.857826  9.747  7.491  -0.998877  0.884780  -0.004131  S3_pocket
453  115.19  1  0.874736  9.399  5.208  -0.977028  0.901204  -0.016338  S3_pocket
454  159.26  0  0.941747  10.367  4.894  -0.561049  0.714280  -0.022638  S3_pocket
455  114.87  1  0.893743  10.799  5.351  -0.852775  0.764458  -0.009257  S3_pocket
456  120.92  1  0.770418  6.266  9.444  -0.928897  1.101742  -0.010074  S1_pocket
457  146.83  1  0.957932  10.095  4.207  -0.534934  0.654112  -0.010838  S3_pocket
458  139.99  1  0.935557  10.210  5.233  -0.808413  0.697954  -0.007195  S3_pocket
459  126.19  1  0.849784  10.199  6.822  -0.898438  0.869096  -0.005237  S3_pocket
460  128.51  1  0.932935  9.521  4.215  -0.799526  0.687941  0.001539  S3_pocket
461  118.70  1  0.961673  10.218  4.382  -0.749409  0.660888  -0.012476  S3_pocket
462  111.85  1  0.908449  11.184  5.510  -0.685455  0.740566  -0.007268  S3_pocket
463  178.36  0  0.944807  10.203  4.589  -0.644773  0.672501  0.003052  S3_pocket
464  113.17  1  0.981622  10.488  4.794  -0.825778  0.691947  -0.006817  S3_pocket
465  139.18  1  0.962836  9.832  4.574  -0.746080  0.661768  0.006668  S3_pocket
466  163.81  0  0.974933  10.816  4.291  -0.701897  0.636411  -0.004188  S3_pocket
467  137.23  1  0.896362  9.581  5.553  -0.967782  0.861054  -0.004827  S3_pocket
468  114.86  1  0.949619  10.391  4.745  -0.744257  0.637979  -0.016868  S3_pocket
469  143.12  1  0.958731  10.451  4.284  -0.580169  0.578359  -0.017443  S3_pocket
470  104.48  1  0.928663  9.184  4.697  -0.893586  0.753798  -0.013662  S3_pocket
471  123.23  1  0.961500  10.107  4.942  -0.737534  0.664493  -0.012528  S3_pocket
472  121.60  1  0.985138  10.177  4.097  -0.621738  0.592902  -0.015893  S3_pocket
473  141.84  1  0.888588  10.076  5.109  -0.972079  0.895331  0.001472  S3_pocket
474  133.17  1  0.961794  10.477  4.672  -0.653114  0.596306  0.000297  S3_pocket
475  115.24  1  0.972630  10.092  4.489  -0.820888  0.624758  -0.013303  S3_pocket
476  120.91  1  0.973076  10.395  4.806  -0.779568  0.657271  -0.020629  S3_pocket
477  123.15  1  0.985974  10.042  4.582  -0.797040  0.684789  -0.015455  S3_pocket
478  117.74  1  0.960154  10.657  4.179  -0.779722  0.609956  0.000841  S3_pocket
479  113.14  1  0.947358  10.753  4.666  -0.847789  0.623339  -0.005227  S3_pocket
480  118.46  1  0.952428  10.666  5.167  -0.814891  0.607868  -0.010384  S3_pocket
481  118.33  1  0.976326  10.745  4.520  -0.828176  0.638893  -0.017525  S3_pocket
482  164.75  0  0.962888  10.216  4.489  -0.630970  0.627157  0.002245  S3_pocket
483  127.03  1  0.986580  10.084  4.114  -0.793536  0.649599  -0.010941  S3_pocket
484  171.05  0  0.984456  10.477  4.374  -0.678533  0.596562  -0.008061  S3_pocket
485  151.44  0  0.948775  10.358  4.744  -0.699467  0.641584  0.001289  S3_pocket
486  122.77  1  0.954745  9.718  5.076  -0.828677  0.715717  -0.013902  S3_pocket
487  107.31  1  0.963572  10.228  4.617  -0.860540  0.668245  -0.013540  S3_pocket
488  116.59  1  0.922423  9.474  5.393  -0.936546  0.804458  -0.008088  S3_pocket
489  169.90  0  0.945470  10.665  4.233  -0.657250  0.589773  0.001663  S3_pocket
490  147.43  1  0.960596  9.962  3.991  -0.711909  0.579741  -0.011970  S3_pocket
491  136.06  1  0.951482  10.881  4.047  -0.689975  0.559123  -0.006780  S3_pocket
492  102.63  1  0.932256  9.735  4.959  -0.800918  0.673038  -0.016007  S3_pocket
493  121.31  1  0.956175  9.801  4.374  -0.680158  0.626289  -0.011102  S3_pocket
494  115.68  1  0.946999  10.020  4.369  -0.795865  0.635811  -0.012770  S3_pocket
495  137.29  1  0.957549  10.323  4.121  -0.688970  0.586043  -0.014677  S3_pocket
496  126.75  1  0.940828  9.911  3.941  -0.793520  0.588970  -0.009980  S3_pocket
497  105.51  1  0.947556  10.347  4.485  -0.734245  0.651142  -0.018666  S3_pocket
498  104.85  1  0.945813  10.708  4.067  -0.750833  0.667523  -0.021655  S3_pocket
499  126.97  1  0.961889  10.333  3.733  -0.635529  0.591443  -0.009814  S3_pocket
500  139.01  1  0.928859  10.804  4.308  -0.671362  0.612151  -0.001237  S3_pocket
501  130.77  1  0.976139  10.097  3.996  -0.455380  0.610747  -0.008543  S3_pocket
502  125.57  1  0.953166  10.751  3.941  -0.697408  0.632717  -0.014830  S3_pocket
503  115.55  1  0.964954  10.492  4.324  -0.526562  0.622449  -0.015572  S3_pocket
504  125.36  1  0.952606  10.092  4.452  -0.551789  0.645978  -0.003629  S3_pocket
505  140.20  1  0.887195  8.759  4.924  -0.807883  0.803364  0.008455  S3_pocket
506  122.48  1  0.939661  10.056  4.454  -0.768872  0.677893  -0.017065  S3_pocket
507  127.51  1  0.951437  10.311  4.034  -0.639377  0.638126  -0.021957  S3_pocket
508  169.46  0  0.960449  10.008  4.244  -0.624665  0.619190  0.003609  S3_pocket
509  111.85  1  0.944790  10.155  4.744  -0.808158  0.682647  -0.020344  S3_pocket
510  144.62  1  0.963401  10.605  3.891  -0.593223  0.608559  -0.010359  S3_pocket
511  135.75  1  0.951598  9.994  4.026  -0.731531  0.695899  -0.017570  S3_pocket
512  106.53  1  0.948982  11.132  3.960  -0.628779  0.638790  -0.012970  S3_pocket
513  136.96  1  0.948255  10.752  4.337  -0.564931  0.596980  -0.007066  S3_pocket
514  111.94  1  0.957563  10.072  4.730  -0.726765  0.681321  -0.014049  S3_pocket
515  126.93  1  0.942260  10.305  4.409  -0.696548  0.662637  -0.015882  S3_pocket
516  139.99  1  0.981646  10.309  4.295  -0.623959  0.625670  -0.008239  S3_pocket
517  123.84  1  0.984882  11.267  3.941  -0.548101  0.500350  -0.011917  S3_pocket
518  113.85  1  0.978501  10.215  4.540  -0.725591  0.644060  -0.017847  S3_pocket
519  100.21  1  0.971473  9.847  5.342  -0.776802  0.688482  -0.008448  S3_pocket
520  110.05  1  0.942462  10.329  4.253  -0.741958  0.632442  -0.007739  S3_pocket
521  126.67  1  0.957651  10.153  3.985  -0.681320  0.610240  -0.007858  S3_pocket
522  112.53  1  0.978298  10.196  3.944  -0.617502  0.551353  -0.009369  S3_pocket
523  128.46  1  0.954157  10.094  4.129  -0.709344  0.659539  -0.004151  S3_pocket
524  117.97  1  0.944989  10.402  4.204  -0.615015  0.624163  0.004806  S3_pocket
525  119.09  1  0.956789  10.455  4.666  -0.753788  0.664716  -0.020167  S3_pocket
526  124.53  1  0.907627  9.817  4.388  -0.813403  0.839221  0.001337  S3_pocket
527  116.39  1  0.952075  10.050  4.122  -0.658672  0.650354  -0.010741  S3_pocket
528  102.05  1  0.957252  10.803  4.559  -0.570068  0.641091  -0.016830  S3_pocket
529  102.75  1  0.931811  9.803  5.051  -0.687507  0.703344  -0.009429  S3_pocket
530  164.70  0  0.960918  11.387  4.528  -0.454550  0.603170  -0.003475  S3_pocket
531  120.83  1  0.982415  10.252  4.165  -0.606556  0.587248  -0.012924  S3_pocket
532  124.74  1  0.987216  10.518  4.045  -0.546154  0.578620  -0.022396  S3_pocket
533  138.85  1  0.983440  10.329  3.837  -0.413431  0.629062  -0.007763  S3_pocket
534  105.89  1  1.007054  10.491  4.301  -0.603051  0.603366  -0.015785  S3_pocket
535  109.93  1  0.978051  10.400  4.011  -0.593837  0.635284  -0.012399  S3_pocket
536  139.13  1  0.928425  10.253  4.105  -0.586389  0.646975  -0.009966  S3_pocket
537  133.38  1  0.966643  10.812  3.872  -0.333404  0.605873  -0.013177  S3_pocket
538  108.17  1  0.923039  9.785  5.366  -0.925903  0.775407  -0.005299  S3_pocket
539  104.40  1  0.952412  10.762  3.957  -0.555852  0.525042  -0.002908  S3_pocket
540  129.73  1  0.942494  9.817  4.249  -0.555318  0.642541  -0.001451  S3_pocket
541  118.66  1  0.957019  10.276  3.992  -0.599869  0.603862  -0.007089  S3_pocket
542  129.28  1  0.960977  10.555  3.914  -0.654767  0.657476  -0.016568  S3_pocket
543  96.50  1  0.924239  10.657  5.144  -0.700025  0.671292  -0.013967  S3_pocket
544  135.88  1  0.940762  11.143  4.272  -0.450818  0.628285  -0.007632  S3_pocket
545  125.88  1  0.963930  10.183  4.164  -0.675589  0.630716  -0.014270  S3_pocket
546  129.59  1  0.988248  10.271  4.080  -0.571342  0.612140  -0.016498  S3_pocket
547  129.75  1  0.950862  10.271  4.278  -0.741718  0.649379  -0.003987  S3_pocket
548  116.92  1  0.955003  10.007  4.030  -0.651720  0.573234  -0.008970  S3_pocket
549  130.87  1  0.971663  9.812  4.416  -0.543433  0.591223  -0.004859  S3_pocket
550  124.87  1  0.960198  9.899  4.999  -0.758714  0.646744  0.000410  S3_pocket
551  104.03  1  0.947098  11.156  4.764  -0.756452  0.668215  -0.017901  S3_pocket
552  132.41  1  0.974707  10.477  4.563  -0.709836  0.608794  -0.008758  S3_pocket
553  96.94  1  0.999508  11.790  4.661  -0.541410  0.508183  -0.002490  S3_pocket
554  135.71  1  0.972578  10.450  4.075  -0.583085  0.593655  -0.007780  S3_pocket
555  131.47  1  0.922270  10.020  5.692  -0.724462  0.704067  -0.007255  S3_pocket
556  116.92  1  1.001720  10.186  3.911  -0.638055  0.547326  -0.005684  S3_pocket
557  112.76  1  1.002345  10.116  3.849  -0.731979  0.575482  -0.017441  S3_pocket
558  116.27  1  0.984447  10.046  4.688  -0.745402  0.631923  -0.020421  S3_pocket
559  162.17  0  0.976084  10.679  4.813  -0.512128  0.566612  -0.000409  S3_pocket
560  124.00  1  0.980685  10.356  4.000  -0.720593  0.616999  -0.014337  S3_pocket
561  129.49  1  0.974151  9.348  4.073  -0.807772  0.704591  -0.011490  S3_pocket
562  129.40  1  0.986312  10.632  4.299  -0.558427  0.570644  -0.014680  S3_pocket
563  123.79  1  0.947879  10.095  4.235  -0.575561  0.634453  -0.007186  S3_pocket
564  122.45  1  0.947370  10.029  4.131  -0.698562  0.634103  -0.012085  S3_pocket
565  144.78  1  1.001943  10.071  4.197  -0.462949  0.562335  -0.004599  S3_pocket
566  128.12  1  0.980141  10.436  4.244  -0.613214  0.579890  -0.020104  S3_pocket
567  123.65  1  0.981527  9.606  4.001  -0.730873  0.641447  -0.017435  S3_pocket
568  118.50  1  0.956453  9.906  4.288  -0.734596  0.662974  -0.014987  S3_pocket
569  144.48  1  1.009423  10.582  3.928  -0.683673  0.571613  0.007651  S3_pocket
570  136.55  1  0.971072  10.161  3.815  -0.641391  0.586726  -0.010965  S3_pocket
571  119.10  1  0.892370  10.058  5.550  -0.790448  0.754536  -0.013089  S3_pocket
572  153.47  0  0.969150  10.151  4.234  -0.519310  0.567716  -0.011824  S3_pocket
573  153.23  0  0.944033  10.186  4.628  -0.503590  0.577802  -0.001359  S3_pocket
574  103.59  1  0.979919  10.689  4.197  -0.736397  0.607672  -0.021808  S3_pocket
575  112.56  1  0.953830  10.378  4.943  -0.775968  0.629575  -0.011000  S3_pocket
576  124.15  1  0.910155  10.880  4.334  -0.666957  0.619872  -0.009792  S3_pocket
577  161.89  0  0.944992  9.476  4.116  -0.518219  0.579238  -0.016892  S3_pocket
578  113.99  1  0.906995  10.089  6.215  -0.632729  0.747425  -0.007240  S3_pocket
579  122.73  1  0.947717  10.713  3.965  -0.670552  0.586491  -0.008362  S3_pocket
580  140.01  1  0.955571  9.616  4.293  -0.464183  0.599162  -0.007926  S3_pocket
581  136.63  1  0.971415  10.494  4.521  -0.630480  0.542725  -0.003815  S3_pocket
582  168.26  0  0.938274  9.815  4.349  -0.635826  0.655976  -0.008940  S3_pocket
583  121.67  1  0.984783  10.719  4.200  -0.709006  0.547172  -0.020826  S3_pocket
584  128.42  1  0.936088  10.509  4.395  -0.675875  0.567062  -0.015372  S3_pocket
585  134.19  1  0.890244  9.906  5.749  -0.812319  0.745670  -0.017650  S3_pocket
586  127.18  1  0.975349  10.784  4.198  -0.342300  0.547386  -0.020872  S3_pocket
587  124.05  1  0.948429  10.327  3.994  -0.533431  0.568039  -0.019522  S3_pocket
588  133.77  1  0.923502  10.556  5.821  -0.626233  0.634749  -0.002419  S3_pocket
589  123.84  1  0.966350  10.361  4.109  -0.398826  0.568963  -0.028729  S3_pocket
590  133.82  1  0.954698  10.169  4.089  -0.632615  0.637152  -0.005161  S3_pocket
591  121.46  1  0.936188  9.448  4.675  -0.615345  0.660323  -0.006564  S3_pocket
592  147.16  1  0.907643  10.342  4.581  -0.555439  0.674886  -0.013366  S3_pocket
593  136.97  1  0.958912  9.083  4.098  -0.704908  0.664094  -0.027704  S3_pocket
594  119.81  1  0.952805  9.646  4.318  -0.747762  0.648889  -0.020965  S3_pocket
595  133.89  1  0.985176  10.634  3.984  -0.617925  0.544471  -0.005297  S3_pocket
596  109.70  1  0.960000  9.546  4.390  -0.759595  0.608117  -0.006184  S3_pocket
597  130.39  1  0.977858  10.152  3.901  -0.724233  0.606476  -0.019549  S3_pocket
598  145.17  1  0.976176  9.700  4.114  -0.691521  0.560944  -0.024015  S3_pocket
599  148.40  1  0.976725  9.215  3.924  -0.699333  0.569551  -0.008821  S3_pocket
600  139.08  1  0.944264  9.476  4.067  -0.730648  0.633938  -0.013228  S3_pocket
601  125.80  1  0.999439  9.507  4.073  -0.656503  0.518550  -0.023469  S3_pocket
602  137.78  1  0.964353  10.127  4.707  -0.707525  0.564650  -0.004602  S3_pocket
603  135.09  1  0.964882  10.554  4.415  -0.687912  0.562379  -0.010226  S3_pocket
604  134.07  1  0.979344  10.324  4.141  -0.706837  0.606300  -0.011591  S3_pocket
605  130.48  1  0.934203  10.514  4.703  -0.699250  0.610839  0.003319  S3_pocket
606  127.60  1  0.970073  10.254  4.414  -0.627939  0.634639  -0.013155  S3_pocket
607  161.72  0  0.943984  10.791  4.479  -0.704034  0.618518  0.001459  S3_pocket
608  128.67  1  0.955078  10.709  4.743  -0.609093  0.533722  -0.021058  S3_pocket
609  121.68  1  0.967143  10.069  4.080  -0.773702  0.617700  -0.000696  S3_pocket
610  129.63  1  0.972949  9.489  4.151  -0.733209  0.668990  -0.023128  S3_pocket
611  124.18  1  0.975329  10.332  4.229  -0.675030  0.631165  -0.012215  S3_pocket
612  131.38  1  0.963330  10.157  4.626  -0.722333  0.638619  -0.006411  S3_pocket
613  102.87  1  0.901768  10.319  5.701  -0.906519  0.731635  -0.017998  S3_pocket
614  113.98  1  0.917210  10.152  4.758  -0.845259  0.686742  -0.003766  S3_pocket
615  140.21  1  0.970777  11.000  4.443  -0.647885  0.553549  -0.015153  S3_pocket
616  138.66  1  0.957257  10.478  4.330  -0.765379  0.583529  -0.003499  S3_pocket
617  139.69  1  0.973560  10.235  4.272  -0.475810  0.567587  -0.019089  S3_pocket
618  136.83  1  0.961940  10.369  4.181  -0.650839  0.567977  -0.014769  S3_pocket
619  130.97  1  0.933566  9.402  4.663  -0.582189  0.668589  -0.009875  S3_pocket
620  112.28  1  0.922931  10.202  5.376  -0.833430  0.722080  -0.011150  S3_pocket
621  147.28  1  0.979068  9.894  4.272  -0.685897  0.652633  0.000252  S3_pocket
622  140.28  1  0.953261  10.763  4.715  -0.681309  0.646085  -0.001656  S3_pocket
623  135.56  1  0.936404  9.777  5.028  -0.569407  0.608193  -0.008661  S3_pocket
624  133.58  1  0.932372  10.507  5.076  -0.541512  0.600160  -0.010829  S3_pocket
625  136.37  1  0.964110  9.350  4.308  -0.745286  0.608476  -0.005836  S3_pocket
626  135.75  1  0.901381  10.062  5.363  -0.750127  0.673766  -0.003503  S3_pocket
627  171.76  0  0.954812  10.306  4.753  -0.607995  0.591432  -0.001085  S3_pocket
628  131.40  1  0.940912  9.864  5.245  -0.832527  0.675887  -0.003756  S3_pocket
629  103.71  1  0.906999  10.398  6.086  -0.937500  0.680505  -0.010752  S3_pocket
630  99.07  1  0.911239  9.447  6.596  -0.943186  0.753788  -0.007485  S3_pocket
631  115.72  1  0.901238  9.254  5.910  -0.911977  0.699411  0.002335  S3_pocket
632  114.00  1  0.870578  9.627  5.870  -0.869783  0.768761  -0.007937  S3_pocket
633  159.75  0  0.945710  9.812  4.327  -0.593440  0.604397  -0.002044  S3_pocket
634  150.22  0  0.950604  10.036  4.551  -0.465514  0.571697  -0.008167  S3_pocket
635  161.90  0  0.950912  9.668  4.311  -0.643113  0.604687  0.001127  S3_pocket
636  149.32  1  0.962596  9.228  4.161  -0.708688  0.634675  -0.017106  S3_pocket
637  119.05  1  0.962022  9.435  4.489  -0.772946  0.577848  -0.000002  S3_pocket
638  150.67  0  0.965583  8.601  4.275  -0.610762  0.613959  -0.012676  S3_pocket
639  120.40  1  0.945561  9.664  4.240  -0.676479  0.587956  -0.003375  S3_pocket
640  149.00  1  0.937596  9.898  4.170  -0.672653  0.582055  -0.013568  S3_pocket
641  135.17  1  0.953786  9.589  4.633  -0.414065  0.545123  -0.022407  S3_pocket
642  139.89  1  0.951325  9.565  4.614  -0.691438  0.606803  -0.005749  S3_pocket
643  149.67  1  0.932664  9.942  4.274  -0.695233  0.580316  -0.004285  S3_pocket
644  149.83  1  0.945061  8.857  4.211  -0.683301  0.625328  -0.007286  S3_pocket
645  139.79  1  0.957804  9.508  4.205  -0.682756  0.649884  -0.009437  S3_pocket
646  -172.52  0  0.979225  10.010  4.950  -0.608757  0.594491  -0.010597  S3_pocket
647  168.75  0  0.961978  10.174  4.496  -0.598153  0.568000  -0.012925  S3_pocket
648  135.21  1  0.953881  9.567  4.596  -0.729276  0.623879  -0.010693  S3_pocket
649  136.72  1  0.985997  9.482  4.426  -0.668436  0.553039  -0.017500  S3_pocket
650  144.73  1  0.948219  9.812  4.362  -0.706478  0.601339  -0.009599  S3_pocket
651  129.37  1  0.970320  9.321  4.538  -0.623809  0.519602  -0.010871  S3_pocket
652  140.27  1  0.928065  8.860  4.522  -0.650293  0.637979  -0.013843  S3_pocket
653  141.34  1  0.959567  8.728  3.982  -0.775003  0.556464  -0.005315  S3_pocket
654  159.56  0  0.923907  10.104  4.332  -0.570600  0.596449  -0.018120  S3_pocket
655  130.37  1  0.930150  9.478  4.833  -0.670952  0.578121  -0.008153  S3_pocket
656  125.60  1  0.929444  9.108  4.990  -0.419589  0.568670  -0.007156  S3_pocket
657  154.99  0  0.927992  9.932  4.913  -0.554371  0.567547  -0.011147  S3_pocket
658  152.51  0  0.951639  9.692  4.366  -0.632866  0.582679  -0.014727  S3_pocket
659  132.57  1  0.986625  9.583  4.604  -0.669205  0.548997  -0.004065  S3_pocket
660  146.36  1  0.978506  9.327  4.188  -0.574411  0.538262  -0.015443  S3_pocket
661  152.83  0  0.995543  9.668  4.403  -0.569909  0.571632  -0.017811  S3_pocket
662  138.09  1  1.000828  9.169  4.642  -0.602810  0.541244  -0.014437  S3_pocket
663  137.91  1  0.984336  9.842  4.686  -0.591601  0.580775  -0.014352  S3_pocket
664  134.03  1  1.009095  9.993  4.740  -0.607479  0.527623  -0.014316  S3_pocket
665  134.01  1  1.012615  9.847  4.373  -0.591123  0.577870  -0.024339  S3_pocket
666  134.78  1  0.989406  8.664  3.982  -0.694050  0.587998  -0.021673  S3_pocket
667  135.25  1  0.964475  9.164  4.410  -0.697516  0.582695  -0.012278  S3_pocket
668  150.90  0  0.967530  9.690  4.700  -0.714299  0.636775  -0.015457  S3_pocket
669  118.98  1  0.951804  10.127  5.176  -0.748972  0.645533  -0.003240  S3_pocket
670  159.16  0  0.956045  8.962  5.003  -0.662411  0.596381  -0.011272  S3_pocket
671  157.07  0  0.988845  9.681  4.760  -0.556065  0.522925  -0.025590  S3_pocket
672  137.54  1  0.996487  10.377  4.586  -0.546288  0.533081  -0.021517  S3_pocket
673  131.57  1  0.997173  10.196  4.839  -0.716616  0.555541  -0.008804  S3_pocket
674  137.03  1  1.061570  10.801  4.084  -0.737236  0.561045  -0.006513  S3_pocket
675  130.36  1  0.989218  10.275  4.362  -0.755739  0.586743  -0.012241  S3_pocket
676  126.02  1  0.988025  10.358  4.440  -0.791737  0.564221  -0.009341  S3_pocket
677  156.69  0  0.957853  9.344  4.514  -0.629365  0.569707  -0.018875  S3_pocket
678  137.83  1  0.975769  9.959  4.743  -0.435327  0.552671  -0.029777  S3_pocket
679  128.63  1  0.966974  9.519  4.469  -0.748913  0.577956  -0.002939  S3_pocket
680  135.94  1  0.976183  9.503  4.421  -0.816217  0.655722  -0.013473  S3_pocket
681  148.88  1  0.997374  9.239  4.451  -0.635826  0.530989  -0.017760  S3_pocket
682  150.69  0  1.003654  9.667  4.525  -0.434939  0.522388  -0.021048  S3_pocket
683  156.85  0  0.995008  9.087  4.236  -0.586740  0.567065  -0.017820  S3_pocket
684  138.37  1  0.954074  10.011  5.398  -0.708278  0.575065  -0.009384  S3_pocket
685  138.26  1  1.001808  9.900  4.456  -0.605838  0.525115  -0.011713  S3_pocket
686  153.18  0  1.011699  10.767  4.400  -0.564395  0.539057  -0.022693  S3_pocket
687  142.39  1  1.017434  10.005  4.204  -0.510016  0.525988  -0.016659  S3_pocket
688  161.06  0  1.002131  9.174  4.283  -0.529141  0.541159  -0.021857  S3_pocket
689  139.21  1  1.000491  9.504  4.251  -0.666630  0.537268  -0.003762  S3_pocket
690  139.78  1  1.020019  8.925  4.948  -0.519320  0.557093  -0.010059  S3_pocket
691  146.47  1  0.974580  9.661  4.693  -0.583379  0.552002  -0.024581  S3_pocket
692  168.55  0  0.968377  10.376  4.924  -0.511372  0.565880  -0.016950  S3_pocket
693  150.72  0  0.934363  9.454  4.758  -0.696079  0.613160  0.003246  S3_pocket
694  118.11  1  0.915879  10.239  6.068  -0.747751  0.645202  -0.013021  S3_pocket
695  161.03  0  0.950629  9.725  4.921  -0.546502  0.558933  -0.025851  S3_pocket
696  142.34  1  0.992901  9.831  4.560  -0.648833  0.477055  -0.042911  S3_pocket
697  134.61  1  0.975781  10.317  4.054  -0.552917  0.518873  -0.026305  S3_pocket
698  138.25  1  0.930410  9.722  5.562  -0.709826  0.596854  -0.001665  S3_pocket
699  129.78  1  0.958751  9.521  4.429  -0.593068  0.564249  -0.022392  S3_pocket
700  142.77  1  0.932752  9.858  4.963  -0.608316  0.561651  -0.023966  S3_pocket
701  139.16  1  0.911060  9.538  5.594  -0.617798  0.613532  -0.012218  S3_pocket
702  162.10  0  0.958167  9.944  4.661  -0.500343  0.551234  -0.013977  S3_pocket
703  98.43  1  0.903426  9.567  5.988  -0.804667  0.703453  0.000595  S3_pocket
704  164.15  0  0.945320  10.520  4.815  -0.574880  0.561407  -0.018944  S3_pocket
705  138.44  1  0.940738  9.614  4.860  -0.579793  0.624061  -0.022329  S3_pocket
706  132.54  1  0.943830  8.927  4.689  -0.550228  0.603425  -0.024864  S3_pocket
707  -167.83  0  0.928241  10.745  5.307  -0.566784  0.624976  -0.017465  S3_pocket
708  155.90  0  0.929422  9.601  5.205  -0.755989  0.712597  -0.013909  S3_pocket
709  137.37  1  0.918554  10.378  5.352  -0.730145  0.708594  -0.012089  S3_pocket
710  141.78  1  0.884947  8.907  5.326  -0.684181  0.747728  -0.024824  S3_pocket
711  119.95  1  0.888932  10.359  6.096  -0.700988  0.771044  -0.006356  S3_pocket
712  124.37  1  0.892216  9.683  5.400  -0.838312  0.711308  -0.001856  S3_pocket
713  128.47  1  0.915421  10.602  5.532  -0.637806  0.669765  -0.000939  S3_pocket
714  131.43  1  0.978444  9.229  4.797  -0.666734  0.628738  -0.002663  S3_pocket
715  136.23  1  0.965725  10.123  4.973  -0.369996  0.557007  -0.023405  S3_pocket
716  122.38  1  0.942675  9.356  4.941  -0.802825  0.630497  -0.013621  S3_pocket
717  120.88  1  0.952215  9.112  4.429  -0.627033  0.626903  -0.017781  S3_pocket
718  139.14  1  1.127419  9.138  5.035  -0.781602  0.718112  -0.021610  S3_pocket
719  130.26  1  0.954675  10.374  5.076  -0.494634  0.627309  -0.005736  S3_pocket
720  134.55  1  0.928004  9.807  5.172  -0.701043  0.669540  -0.019095  S3_pocket
721  139.49  1  0.977787  9.556  4.321  -0.578204  0.592649  -0.016393  S3_pocket
722  139.06  1  0.943191  10.235  4.632  -0.654421  0.605424  -0.005226  S3_pocket
723  143.11  1  0.968243  8.601  3.936  -0.308301  0.600534  -0.020930  surface
724  131.48  1  1.075830  9.283  4.423  -0.516087  0.555794  -0.027541  S3_pocket
725  146.76  1  1.023773  9.587  4.204  -0.433316  0.516299  -0.023626  S3_pocket
726  129.94  1  1.000225  9.606  4.007  -0.494917  0.552265  -0.019428  S3_pocket
727  135.03  1  0.990562  9.521  4.351  -0.666502  0.528113  -0.019780  S3_pocket
728  163.71  0  0.941576  9.631  5.540  -0.573192  0.623956  0.006621  S3_pocket
729  139.96  1  0.919165  10.205  5.183  -0.746938  0.636987  -0.006278  S3_pocket
730  141.95  1  0.963446  10.174  4.278  -0.620748  0.606063  -0.016827  S3_pocket
731  134.08  1  0.997453  10.331  4.587  -0.574933  0.549544  -0.024043  S3_pocket
732  116.77  1  0.923063  9.593  5.515  -0.812374  0.668083  -0.022210  S3_pocket
733  134.36  1  0.959213  10.281  4.583  -0.688571  0.538416  -0.018410  S3_pocket
734  139.07  1  0.947278  9.545  4.286  -0.575036  0.561894  -0.019973  S3_pocket
735  132.74  1  0.931356  10.525  4.577  -0.745652  0.572438  0.002580  S3_pocket
736  159.10  0  0.925152  10.101  5.682  -0.526638  0.572638  0.007652  S3_pocket
737  123.37  1  0.905674  10.176  5.543  -0.722608  0.702369  -0.000347  S3_pocket
738  126.09  1  0.962460  9.897  3.987  -0.644088  0.561922  -0.024277  S3_pocket
739  125.07  1  0.922062  10.093  5.891  -0.753644  0.632325  -0.006742  S3_pocket
740  135.39  1  0.952873  10.020  4.359  -0.564149  0.575333  -0.007543  S3_pocket
741  132.45  1  0.930571  9.994  4.672  -0.561928  0.632511  -0.013739  S3_pocket
742  139.25  1  0.941638  9.625  4.744  -0.460958  0.596870  -0.015227  S3_pocket
743  147.49  1  0.938332  8.423  4.149  -0.607456  0.637013  -0.013498  S3_pocket
744  151.29  0  0.961325  9.464  4.678  -0.310371  0.571889  -0.006435  S3_pocket
745  137.68  1  0.937982  9.240  4.730  -0.557142  0.601071  -0.014210  S3_pocket
746  139.55  1  0.951255  9.180  4.136  -0.651035  0.610754  -0.014815  S3_pocket
747  134.91  1  0.911444  9.845  5.253  -0.594527  0.640036  -0.007978  S3_pocket
748  148.79  1  0.864796  9.530  5.483  -0.815031  0.749567  -0.010008  S3_pocket
749  102.09  1  0.828730  8.468  7.393  -0.963687  0.898635  -0.007054  S3_pocket
750  127.63  1  0.909187  9.732  5.289  -0.596482  0.673032  -0.009264  S3_pocket
751  137.10  1  0.930987  9.516  5.154  -0.499406  0.606764  -0.005047  S3_pocket
752  119.41  1  0.924938  9.611  5.241  -0.774918  0.628782  -0.001541  S3_pocket
753  142.71  1  0.897620  10.995  5.229  -0.634082  0.628698  -0.006953  S3_pocket
754  143.27  1  0.971941  10.884  4.947  -0.494888  0.582387  -0.007508  S3_pocket
755  167.08  0  0.894709  9.635  4.747  -0.682119  0.698334  -0.013403  S3_pocket
756  141.68  1  0.949852  10.120  4.397  -0.623349  0.580833  -0.020127  S3_pocket
757  152.56  0  0.989032  9.072  4.034  -0.673961  0.586150  -0.023615  S3_pocket
758  158.54  0  0.954666  8.985  4.401  -0.557932  0.607340  -0.016215  S3_pocket
759  159.88  0  0.960260  9.429  4.210  -0.433489  0.542996  -0.031316  S3_pocket
760  161.96  0  0.954150  9.617  4.674  -0.515898  0.581940  -0.022203  S3_pocket
761  126.33  1  0.974299  9.929  4.478  -0.491497  0.529718  -0.019504  S3_pocket
762  130.03  1  0.951806  10.866  4.540  -0.413322  0.584239  -0.023870  S3_pocket
763  137.85  1  1.003723  9.320  4.316  -0.454503  0.505864  -0.023053  S3_pocket
764  130.44  1  0.990159  9.864  4.408  -0.338913  0.501796  -0.022840  S3_pocket
765  132.60  1  0.948693  8.899  4.570  -0.326454  0.576110  -0.008320  S3_pocket
766  154.76  0  0.959505  10.174  4.774  -0.418266  0.538597  -0.022726  S3_pocket
767  143.90  1  0.951911  9.298  4.651  -0.562681  0.536012  -0.008714  S3_pocket
768  161.94  0  0.935737  8.589  4.143  -0.518791  0.575732  -0.016691  S3_pocket
769  153.08  0  0.985600  9.107  4.526  -0.468027  0.548220  -0.020266  S3_pocket
770  120.32  1  0.936292  9.701  4.333  -0.523221  0.527904  -0.018218  S3_pocket
771  96.39  1  0.921659  9.869  5.500  -0.687601  0.674035  -0.012599  S3_pocket
772  114.83  1  0.958307  10.257  4.112  -0.634546  0.561654  -0.015688  S3_pocket
773  138.92  1  0.945560  10.591  4.016  -0.623152  0.566412  -0.014600  S3_pocket
774  135.78  1  0.959109  9.732  4.172  -0.541181  0.600818  -0.011859  S3_pocket
775  129.58  1  0.965975  9.713  3.759  -0.709519  0.597285  -0.010706  S3_pocket
776  131.91  1  1.312473  10.305  4.629  -0.499219  0.595601  -0.013797  S1_pocket
777  136.70  1  0.998344  9.708  4.032  -0.745439  0.576925  -0.015008  S3_pocket
778  154.97  0  1.010540  11.140  4.051  -0.571755  0.558569  -0.011183  S3_pocket
779  125.70  1  0.970084  10.458  4.331  -0.507481  0.543044  -0.010610  S3_pocket
780  148.13  1  0.966879  10.045  4.350  -0.554984  0.558831  -0.018583  S3_pocket
781  138.82  1  0.960368  10.434  4.642  -0.616935  0.554271  -0.020584  S3_pocket
782  119.30  1  0.939677  10.011  5.454  -0.664992  0.628871  -0.007705  S3_pocket
783  134.84  1  0.975797  10.517  4.618  -0.608347  0.536031  -0.008874  S3_pocket
784  139.36  1  0.906329  10.248  5.317  -0.694473  0.691648  -0.006180  S3_pocket
785  133.55  1  0.899956  10.182  5.345  -0.760384  0.693755  -0.004591  S3_pocket
786  129.55  1  0.911215  10.013  5.100  -0.768870  0.682530  -0.007414  S3_pocket
787  135.11  1  0.977949  10.254  4.645  -0.546936  0.531041  -0.002704  S3_pocket
788  141.85  1  0.921765  10.858  5.459  -0.525590  0.619812  -0.003988  S3_pocket
789  -164.25  0  0.920426  9.457  5.646  -0.549796  0.670703  -0.012851  S3_pocket
790  163.13  0  0.960163  11.089  4.702  -0.516113  0.558456  -0.000652  S3_pocket
791  131.45  1  0.955307  9.427  4.692  -0.441891  0.582831  -0.010966  S3_pocket
792  146.10  1  0.892160  10.738  6.295  -0.763402  0.695261  0.001007  S3_pocket
793  93.55  1  0.914285  10.750  6.126  -0.641064  0.655532  -0.001869  S3_pocket
794  -168.08  0  0.944381  11.643  5.841  -0.529462  0.601084  -0.000598  S3_pocket
795  127.46  1  0.941027  10.555  6.452  -0.602725  0.605877  -0.005426  S3_pocket
796  144.54  1  0.995667  10.416  5.317  -0.213294  0.569534  -0.006213  S3_pocket
797  -120.49  3  0.919876  11.211  6.444  -0.597141  0.717373  -0.007806  S3_pocket
798  -102.53  3  0.874649  12.385  6.283  -0.768818  0.838333  -0.007333  S3_pocket
799  -97.04  3  0.896545  12.822  5.267  -0.663150  0.814378  0.006123  S3_pocket
800  -55.28  2  0.812666  12.890  6.489  -0.741881  0.946920  -0.002173  S3_pocket
801  -114.61  3  0.862603  12.583  6.456  -0.747765  0.982190  -0.006915  S3_pocket
802  -101.83  3  0.843005  13.228  6.095  -0.816548  1.002717  -0.013093  S3_pocket
803  -90.40  3  0.843489  13.490  5.269  -0.731881  0.919990  0.000931  S3_pocket
804  -123.35  3  0.868034  13.356  4.944  -0.755293  0.873380  -0.004181  S3_pocket
805  -137.18  3  0.893944  10.913  6.526  -0.588085  0.751181  0.005049  S3_pocket
806  -135.28  3  0.862107  13.186  5.394  -0.543432  0.883763  -0.006769  S3_pocket
807  -98.62  3  0.738583  12.573  7.732  -0.643214  1.092726  0.001858  S3_pocket
808  -119.84  3  0.834748  13.525  5.349  -0.595447  0.909185  -0.001104  S3_pocket
809  -110.19  3  0.862280  12.587  6.516  -0.783840  0.934910  -0.014004  S3_pocket
810  -110.98  3  0.900837  13.526  4.773  -0.699382  0.801707  -0.003916  S3_pocket
811  -106.96  3  0.946686  13.198  5.062  -0.776007  0.851947  0.005397  S3_pocket
812  -134.24  3  0.955927  13.264  4.333  -0.644427  0.742537  -0.027015  S3_pocket
813  -108.37  3  0.861628  12.433  5.879  -0.819066  0.951328  0.006074  S3_pocket
814  -106.00  3  0.861037  12.323  5.299  -0.757305  0.881479  0.004107  S3_pocket
815  -107.35  3  0.794376  9.861  7.538  -0.958256  1.006330  -0.012747  S3_pocket
816  -97.79  3  0.855638  10.737  6.601  -0.946026  0.912545  -0.040198  S3_pocket
817  -114.08  3  0.830854  10.368  7.333  -0.966520  0.969015  -0.007134  S3_pocket
818  -119.04  3  0.758647  10.144  9.664  -0.829010  1.121304  -0.004932  S3_pocket
819  -114.47  3  0.843361  10.801  7.032  -0.969372  0.965659  0.002947  S3_pocket
820  -93.31  3  0.846333  11.239  7.030  -0.932381  0.981443  0.007098  S3_pocket
821  -96.05  3  0.858223  11.392  6.657  -0.935880  0.858065  -0.013033  S3_pocket
822  -109.42  3  0.830773  10.527  7.732  -0.977722  0.980801  -0.002405  S3_pocket
823  -101.80  3  0.797749  11.398  8.183  -0.942964  1.051791  -0.017274  S3_pocket
824  -94.99  3  0.864843  12.749  6.336  -0.790414  0.960986  -0.009189  S3_pocket
825  -100.02  3  0.923975  12.770  5.091  -0.490389  0.752190  -0.016186  S3_pocket
826  -70.55  2  0.788920  13.161  7.045  -0.854066  1.062227  -0.013949  S3_pocket
827  -101.86  3  0.816818  12.711  8.052  -0.974552  1.107497  -0.020946  S3_pocket
828  -96.54  3  0.865279  11.682  7.734  -0.955617  1.016138  -0.012504  S3_pocket
829  -104.40  3  0.828932  12.736  6.924  -0.830583  0.979911  -0.014855  S3_pocket
830  -102.34  3  0.834492  12.865  6.726  -0.711128  0.957129  -0.003739  S3_pocket
831  -132.45  3  0.822415  12.320  6.716  -0.900816  0.986409  0.000623  S3_pocket
832  -112.62  3  0.788497  11.886  6.959  -0.774779  1.034488  -0.006250  S3_pocket
833  -100.13  3  0.765127  12.193  7.919  -0.694128  1.055810  0.000937  S3_pocket
834  -106.67  3  0.854301  12.518  6.253  -0.855274  0.902553  0.004951  S3_pocket
835  -86.88  2  0.796797  12.914  7.751  -0.892478  1.020416  -0.016587  S3_pocket
836  -68.72  2  0.788405  13.826  7.288  -0.836661  1.064860  -0.003234  S3_pocket
837  -83.15  2  0.837726  13.281  5.999  -0.919859  0.970748  -0.020253  S3_pocket
838  -88.46  2  0.789443  13.368  7.147  -0.778888  1.130810  -0.025156  S3_pocket
839  -150.27  3  0.773282  13.123  7.723  -0.482141  1.081017  0.006044  S3_pocket
840  -86.18  2  0.783398  13.379  7.014  -0.849786  1.099828  -0.008371  S3_pocket
841  -91.63  3  0.808674  12.507  5.836  -0.950960  1.026193  -0.009609  S3_pocket
842  -113.72  3  0.844148  13.182  6.097  -0.651039  0.979683  -0.016127  S3_pocket
843  -137.71  3  0.856989  12.735  5.711  -0.546179  0.865028  -0.004004  S3_pocket
844  -85.46  2  0.828863  12.335  6.449  -0.762885  1.032980  -0.020493  S3_pocket
845  -123.41  3  0.847855  12.334  5.725  -0.634291  0.955022  -0.006851  S3_pocket
846  -114.06  3  0.826068  12.366  6.478  -0.657822  1.064562  0.000702  S3_pocket
847  -101.64  3  0.787345  12.622  6.309  -0.869306  1.073913  -0.011893  S3_pocket
848  -123.36  3  0.816347  12.077  6.542  -0.793539  1.017324  -0.010259  S3_pocket
849  -100.79  3  0.795201  12.165  7.175  -0.790513  1.064826  0.000881  S3_pocket
850  -108.92  3  0.813155  11.989  5.789  -0.853224  1.014658  -0.007480  S3_pocket
851  -100.96  3  0.843326  12.077  5.786  -0.828263  0.969113  -0.029775  S3_pocket
852  -115.46  3  0.760495  12.142  7.557  -0.775402  1.102753  -0.000024  S3_pocket
853  -97.42  3  0.782822  11.738  6.807  -0.834683  1.111683  -0.031993  S3_pocket
854  -110.49  3  0.819559  12.141  6.497  -0.847206  1.023674  -0.009254  S3_pocket
855  -140.59  3  0.830522  12.135  6.204  -0.551725  1.054549  0.006786  S3_pocket
856  -107.99  3  0.823605  11.833  6.787  -0.776302  1.066705  -0.012521  S3_pocket
857  -95.10  3  0.760871  12.354  6.913  -0.729306  1.103137  0.002557  S3_pocket
858  -97.51  3  0.806960  12.709  6.575  -0.982544  1.048226  -0.022883  S3_pocket
859  -80.00  2  0.854506  12.645  5.916  -0.725339  0.967880  -0.014564  S3_pocket
860  -105.45  3  0.772118  13.303  6.812  -0.883458  1.066324  -0.010752  S3_pocket
861  -118.97  3  0.765027  11.605  7.793  -0.486205  1.112945  -0.003004  S3_pocket
862  -98.68  3  0.860858  12.135  6.094  -0.937404  0.899895  -0.024927  S3_pocket
863  -94.33  3  0.864380  12.523  5.759  -0.812512  0.970650  -0.011754  S3_pocket
864  -104.10  3  0.825045  13.150  5.988  -0.820769  1.026819  -0.006378  S3_pocket
865  -102.79  3  0.860381  12.708  5.756  -0.491497  0.872164  -0.017296  S3_pocket
866  -116.68  3  0.793243  12.743  6.751  -0.610040  1.044961  -0.022846  S3_pocket
867  -131.43  3  0.831533  12.798  5.775  -0.673683  0.976945  -0.004941  S3_pocket
868  -108.88  3  0.749570  11.438  7.513  -0.677771  1.108758  -0.018422  S3_pocket
869  -129.82  3  0.864889  12.182  5.437  -0.600753  0.927260  -0.016450  S3_pocket
870  -105.99  3  0.804909  12.279  6.598  -0.880879  1.034132  -0.021466  S3_pocket
871  -125.66  3  0.835550  12.305  6.212  -0.746126  1.035663  -0.006512  S3_pocket
872  -117.51  3  0.870005  11.953  6.486  -0.794979  0.968652  -0.023973  S3_pocket
873  -127.50  3  0.870133  12.416  5.741  -0.771993  0.936591  -0.002565  S3_pocket
874  -96.42  3  0.877321  12.716  5.463  -0.777676  0.968995  -0.027295  S3_pocket
875  -139.41  3  0.824851  12.062  5.942  -0.752233  0.963295  0.004229  S3_pocket
876  -103.83  3  0.838089  10.356  6.860  -0.811565  0.993044  -0.022656  S3_pocket
877  -120.84  3  0.903940  11.168  4.694  -0.769799  0.815702  -0.005923  S3_pocket
878  -104.86  3  0.886857  12.916  4.995  -0.721222  0.921611  -0.021542  S3_pocket
879  -99.55  3  0.806606  12.623  6.405  -0.878113  1.021665  0.001083  S3_pocket
880  -108.80  3  0.888603  12.327  5.612  -0.799155  0.907929  -0.032731  S3_pocket
881  -127.44  3  0.842697  12.947  6.023  -0.839205  0.987820  0.003279  S3_pocket
882  -98.84  3  0.822146  12.562  7.404  -0.961731  0.986517  -0.017922  S3_pocket
883  -99.09  3  0.726737  12.060  8.544  -0.446300  1.150941  -0.017177  S3_pocket
884  -112.66  3  0.810333  12.847  6.028  -0.779174  1.006269  -0.002948  S3_pocket
885  -128.15  3  0.876602  11.865  4.302  -0.336728  0.845865  -0.007555  S3_pocket
886  -111.19  3  0.889361  12.473  4.790  -0.359205  0.907583  -0.010967  S3_pocket
887  -119.95  3  0.897492  12.668  4.792  -0.464473  0.885032  -0.010244  S3_pocket
888  -88.40  2  0.847434  12.401  5.416  -0.743687  0.901301  -0.027156  S3_pocket
889  -124.80  3  0.846192  12.305  5.463  -0.529721  0.936624  -0.019460  S3_pocket
890  -120.38  3  0.861218  11.930  6.318  -0.832073  0.966688  -0.029681  S3_pocket
891  -84.03  2  0.798002  13.346  6.354  -0.797596  1.036518  -0.013031  S3_pocket
892  -116.81  3  0.748177  12.584  8.484  -0.630896  1.196805  -0.011906  S3_pocket
893  -104.78  3  0.814303  12.751  5.917  -0.947849  1.000737  -0.006401  S3_pocket
894  -95.02  3  0.843420  12.875  6.482  -0.769124  1.027087  -0.028000  S3_pocket
895  -103.25  3  0.799650  12.752  6.694  -0.755498  1.134011  -0.024594  S3_pocket
896  -118.02  3  0.774343  12.781  7.982  -0.684828  1.163891  -0.020151  S3_pocket
897  -83.00  2  0.778223  12.133  6.428  -0.941248  1.046272  -0.004542  S3_pocket
898  -64.38  2  0.828563  10.880  6.647  -0.935462  0.934066  -0.003780  S3_pocket
899  -88.43  2  0.803088  11.500  6.419  -0.989018  0.995073  -0.003326  S3_pocket
900  -111.74  3  0.806735  12.614  5.516  -0.845285  1.007276  -0.001282  S3_pocket
901  -122.64  3  0.760902  12.362  7.353  -0.793729  1.214321  -0.016606  S3_pocket
902  -121.77  3  0.825672  12.186  5.880  -0.782841  0.981762  -0.004336  S3_pocket
903  -89.29  2  0.830057  12.947  6.233  -0.780119  1.086847  -0.034330  S3_pocket
904  -126.04  3  0.817022  12.533  6.353  -0.716233  1.069027  -0.012361  S3_pocket
905  -114.88  3  0.829612  11.116  6.325  -0.693292  1.029907  -0.007555  S3_pocket
906  -98.89  3  0.830451  11.773  5.650  -0.561468  0.982186  -0.001081  S3_pocket
907  -111.53  3  0.818143  13.081  6.071  -0.758650  1.007209  -0.009582  S3_pocket
908  -126.45  3  0.843073  12.857  5.406  -0.731717  0.949040  -0.000583  S3_pocket
909  -115.95  3  0.833285  12.592  5.964  -0.551496  0.955938  -0.005119  S3_pocket
910  -128.04  3  0.863842  12.416  5.040  -0.352776  0.884442  -0.022294  S3_pocket
911  -104.51  3  0.782859  12.833  7.101  -0.492549  1.118832  -0.000486  S3_pocket
912  -128.02  3  0.818913  12.639  5.638  -0.653949  1.023242  -0.002627  S3_pocket
913  -126.84  3  0.822925  12.066  5.193  -0.558057  1.002822  -0.010043  S3_pocket
914  -120.83  3  0.876072  12.950  5.114  -0.560509  0.921748  -0.014288  S3_pocket
915  -113.45  3  0.919818  12.555  5.593  -0.671437  0.839013  -0.006526  S3_pocket
916  -107.63  3  0.940538  12.786  5.257  -0.599472  0.823883  -0.018369  S3_pocket
917  -104.01  3  0.927705  13.045  4.919  -0.533815  0.810081  -0.029907  S3_pocket
918  -108.92  3  0.874746  13.270  4.883  -0.506541  0.882001  -0.030264  S3_pocket
919  -78.23  2  0.939173  13.802  4.978  -0.514635  0.750138  -0.030871  S3_pocket
920  -84.77  2  0.931862  13.823  5.386  -0.467792  0.758027  -0.022140  S3_pocket
921  -112.42  3  0.959941  13.173  5.353  -0.347774  0.691712  -0.025279  S3_pocket
922  -90.61  3  0.988743  13.079  5.497  -0.348460  0.714221  -0.030135  S3_pocket
923  -115.95  3  0.943347  13.360  3.915  -0.436436  0.716837  -0.016477  S3_pocket
924  -117.03  3  0.948068  12.739  5.547  -0.329304  0.711932  -0.025830  S3_pocket
925  -98.98  3  0.932878  12.351  5.074  -0.620285  0.786459  -0.021088  S3_pocket
926  -104.53  3  0.938095  12.371  5.452  -0.614394  0.815173  -0.011081  S3_pocket
927  -100.15  3  0.939715  12.911  6.166  -0.408252  0.744721  -0.016813  S3_pocket
928  -95.81  3  0.950899  13.264  5.239  -0.549792  0.755096  -0.020423  S3_pocket
929  -96.15  3  0.951087  13.131  4.730  -0.472976  0.768942  -0.021984  S3_pocket
930  -95.22  3  0.954927  13.401  4.917  -0.294660  0.717148  -0.030251  S3_pocket
931  -92.11  3  0.972319  13.224  6.037  -0.363716  0.684761  -0.008520  S3_pocket
932  -102.51  3  0.948318  13.780  5.140  -0.049645  0.727470  -0.015307  S3_pocket
933  -126.62  3  0.984710  12.740  5.944  -0.062118  0.668605  -0.005930  S3_pocket
934  -98.85  3  0.946629  13.649  5.117  -0.310047  0.758100  -0.016994  S3_pocket
935  -98.07  3  0.933079  12.453  5.390  -0.538443  0.747348  -0.003522  S3_pocket
936  -117.09  3  0.926347  12.822  5.642  -0.352664  0.769979  -0.019884  S3_pocket
937  -100.19  3  0.936325  12.218  5.062  -0.407829  0.723093  -0.020142  S3_pocket
938  -124.51  3  0.804965  12.281  5.882  -0.778528  1.016117  -0.010116  S3_pocket
939  -122.53  3  0.775354  13.495  7.222  -0.509534  1.225179  -0.031059  S3_pocket
940  -120.96  3  0.815145  12.549  5.747  -0.512451  1.020848  -0.000870  S3_pocket
941  -74.18  2  0.832846  11.295  6.126  -0.944743  0.947178  -0.018124  S3_pocket
942  -118.28  3  0.793910  11.331  6.696  -0.548687  1.032519  -0.003348  S3_pocket
943  -105.27  3  0.939526  12.787  4.924  -0.585429  0.718452  -0.019090  S3_pocket
944  -105.51  3  0.937807  12.839  4.410  -0.536519  0.703227  -0.019038  S3_pocket
945  -117.31  3  0.994688  13.323  4.151  -0.430727  0.651722  -0.024561  S3_pocket
946  -93.95  3  0.890949  12.603  4.468  -0.599740  0.765934  -0.016033  S3_pocket
947  -100.67  3  0.908188  11.934  6.150  -0.922757  0.840421  -0.031031  S3_pocket
948  -126.22  3  0.809351  12.402  5.861  -0.554154  0.978345  0.006707  S3_pocket
949  -122.56  3  0.778751  12.308  7.262  -0.691600  1.139905  -0.007319  S3_pocket
950  -90.77  3  0.769398  13.388  6.695  -0.732926  1.099001  -0.007460  S3_pocket
951  -122.15  3  0.853613  12.900  5.766  -0.799751  0.948354  -0.013452  S3_pocket
952  -105.66  3  0.841063  11.809  5.988  -0.938290  0.973353  0.002335  S3_pocket
953  -97.30  3  0.818093  11.747  6.523  -0.968067  1.011158  -0.004510  S3_pocket
954  -82.46  2  0.856273  12.069  5.612  -0.784293  0.990539  -0.029075  S3_pocket
955  -42.35  2  0.855446  9.694  6.429  0.132870  0.751403  -0.003095  surface
956  -49.39  2  0.881485  9.990  6.595  0.230898  0.770855  -0.020717  surface
957  -53.70  2  0.853671  9.308  6.208  0.403730  0.733439  -0.015138  surface
958  -38.65  2  0.868905  10.159  6.539  0.472271  0.755829  -0.021115  surface
959  -44.89  2  0.866190  8.348  8.457  0.805003  0.828627  -0.016900  surface
960  -50.95  2  0.882885  9.709  7.438  0.536191  0.757588  -0.023159  surface
961  -41.73  2  0.849539  9.001  7.650  0.542627  0.805774  -0.024970  surface
962  -58.31  2  0.893841  8.423  7.652  0.529523  0.788455  -0.022958  surface
963  -68.41  2  0.893827  8.327  7.893  0.679999  0.771542  -0.021270  surface
964  -62.90  2  0.920232  8.936  7.983  0.613061  0.799963  -0.037587  surface
965  -52.48  2  0.919062  8.183  6.945  0.556583  0.726397  -0.025688  surface
966  -76.70  2  0.876203  9.228  6.932  0.419107  0.763212  -0.025598  surface
967  -38.09  2  0.847467  9.310  7.841  0.620232  0.831377  -0.037895  surface
968  -54.19  2  0.886423  9.516  7.838  0.529340  0.762534  -0.020761  surface
969  -40.33  2  0.878385  9.571  7.196  0.567548  0.785474  -0.021843  surface
970  -46.30  2  0.854972  8.928  7.038  0.388665  0.820761  -0.021482  surface
971  -53.58  2  0.858723  9.137  8.139  0.573523  0.814156  -0.015135  surface
972  -70.60  2  0.942603  8.877  8.009  0.677270  0.766444  -0.028978  surface
973  -62.00  2  0.897113  9.670  7.908  0.573604  0.788528  -0.037616  surface
974  -66.45  2  0.907233  9.086  7.997  0.578868  0.813508  -0.024935  surface
975  22.36  0  0.904124  10.062  7.478  0.306486  0.776506  -0.030125  surface
976  14.99  0  0.889631  11.124  7.861  0.454672  0.791922  -0.015725  surface
977  -3.20  0  0.872415  11.380  7.716  0.457245  0.857293  -0.025935  surface
978  20.43  0  0.927818  11.196  6.907  0.284899  0.734929  -0.032436  surface
979  -18.53  0  0.930121  10.505  7.325  0.178753  0.793853  -0.031984  surface
980  -3.60  0  0.929729  10.043  7.597  0.233149  0.792613  -0.029293  surface
981  -18.16  0  0.896648  10.020  8.006  0.243382  0.867105  -0.014487  surface
982  3.15  0  0.890172  10.092  7.163  0.193428  0.763620  -0.031965  surface
983  -29.68  0  0.933716  10.118  6.947  0.222320  0.788399  -0.034507  surface
984  17.97  0  0.913488  10.841  7.228  0.497150  0.745267  -0.025274  surface
985  23.58  0  0.927276  10.444  7.160  0.179352  0.728957  -0.028319  surface
986  -29.99  0  0.895078  12.704  4.923  -0.353226  0.784583  -0.023402  S3_pocket
987  9.81  0  0.882520  10.263  7.913  0.482996  0.825925  -0.017839  surface
988  83.87  1  0.770957  11.201  8.179  0.978690  0.978017  -0.009900  surface
989  86.95  1  0.859854  11.826  6.435  0.716578  0.782735  -0.040262  surface
990  93.11  1  0.841639  11.275  6.239  0.749023  0.779227  -0.010424  surface
991  112.99  1  0.850681  12.611  5.538  0.700637  0.718732  -0.017432  surface
992  89.45  1  0.884204  12.204  5.548  0.485378  0.723790  -0.016666  surface
993  105.60  1  0.856755  12.369  5.233  0.542236  0.757949  -0.016390  surface
994  100.70  1  0.836198  12.079  5.366  0.777204  0.820298  -0.006818  surface
995  116.84  1  0.872225  11.509  5.073  0.335250  0.746963  -0.011053  surface
996  99.21  1  0.874139  12.082  5.083  0.438064  0.750350  -0.021558  surface
997  87.61  1  0.849722  12.064  5.608  0.795322  0.772196  -0.011914  surface
998  104.73  1  0.838614  11.426  5.912  0.730102  0.779500  -0.012385  surface
999  98.08  1  0.859223  11.860  5.237  0.547036  0.728977  -0.008514  surface
1000  121.71  1  0.857122  11.586  5.723  0.466821  0.744030  -0.021147  surface
