# GMM n=4 pocket classification, T=50C
# Classes: S1_pocket, S3_pocket, surface, extended
# frame  chi2  chi2_state  wcn  d_S1  d_S3  M  dist_nm  Q_p  class
0  80.82  1  0.880309  11.526  7.911  -0.077608  0.587462  -0.016604  surface
1  60.69  1  0.843769  11.265  7.789  -0.068493  0.744295  -0.012104  surface
2  80.25  1  0.814915  10.875  9.029  0.363621  0.806813  -0.008904  surface
3  87.90  1  0.818711  10.135  9.892  0.428392  0.843419  -0.021418  surface
4  75.80  1  0.798340  10.771  9.102  0.432877  0.856384  -0.002159  surface
5  62.30  1  0.824918  10.541  10.117  0.535393  0.880576  -0.019192  surface
6  48.79  0  0.832864  10.391  10.004  0.221549  0.879852  -0.008762  surface
7  43.50  0  0.793470  10.642  11.821  0.334553  0.972987  -0.011462  surface
8  65.48  1  0.834864  11.081  9.361  0.384026  0.824194  -0.021736  surface
9  33.14  0  0.850828  10.872  9.106  0.104403  0.864805  -0.026142  surface
10  63.07  1  0.823473  10.736  8.361  0.314822  0.809376  -0.003082  surface
11  51.49  1  0.804537  10.665  10.409  0.358893  0.940838  -0.028565  surface
12  71.04  1  0.738072  10.860  10.453  0.551042  1.032910  0.000135  surface
13  100.65  1  0.762172  11.560  9.597  0.568983  0.914435  -0.005427  surface
14  94.23  1  0.670082  10.661  12.121  0.553781  1.181008  -0.013474  surface
15  94.01  1  0.688251  10.521  11.932  0.633563  1.092567  -0.001056  surface
16  6.92  0  0.776995  10.905  10.158  0.208225  0.946026  -0.024882  surface
17  75.66  1  0.646176  10.638  13.323  0.817319  1.273120  -0.018336  surface
18  103.67  1  0.748919  10.573  11.348  0.800473  1.021319  -0.021758  surface
19  52.78  1  0.773644  9.964  12.806  0.802744  1.132426  -0.036952  surface
20  62.44  1  0.788086  10.832  12.135  0.791727  1.123618  -0.039844  surface
21  109.89  1  0.777956  10.896  11.222  0.749701  1.058433  -0.005920  surface
22  55.29  1  0.803498  10.768  12.285  0.674131  1.064352  -0.023365  surface
23  62.28  1  0.817533  10.523  11.443  0.597337  1.005334  -0.021458  surface
24  78.68  1  0.797690  10.562  11.383  0.770988  1.012544  -0.007622  surface
25  36.95  0  0.791306  11.329  12.631  0.631131  1.079519  -0.041072  surface
26  55.89  1  0.824597  10.643  12.583  0.815438  1.079792  -0.024242  surface
27  58.15  1  0.845294  10.448  12.440  0.677702  1.051144  -0.031500  surface
28  49.20  0  0.824283  10.819  12.464  0.603927  1.027774  -0.040396  surface
29  86.10  1  0.698776  10.802  12.307  0.858405  1.157364  -0.003619  surface
30  71.28  1  0.778118  11.378  11.825  0.806351  1.028940  -0.020517  surface
31  75.91  1  0.784474  10.851  12.459  0.799089  1.094555  -0.021653  surface
32  50.38  1  0.816634  10.886  11.761  0.695580  1.013832  -0.018553  surface
33  28.67  0  0.820793  9.164  12.297  0.446320  1.047484  -0.025038  surface
34  36.57  0  0.779897  10.403  11.907  0.697385  1.084395  -0.018763  surface
35  26.36  0  0.755666  10.815  12.531  0.598073  1.114769  -0.014717  surface
36  67.77  1  0.749642  11.549  13.082  0.706991  1.152881  -0.018950  surface
37  44.70  0  0.827200  10.731  11.899  0.708654  0.977249  -0.039309  surface
38  28.85  0  0.814235  9.537  11.760  0.586337  1.050157  -0.017266  surface
39  32.22  0  0.813969  10.156  10.540  0.575261  0.999452  -0.027667  surface
40  28.53  0  0.758515  10.361  12.952  0.687267  1.125513  -0.013178  surface
41  53.87  1  0.792906  11.093  11.587  0.811819  1.070459  -0.015602  surface
42  62.11  1  0.802641  11.381  10.865  0.663296  1.000956  -0.023605  surface
43  42.57  0  0.764284  10.624  12.540  0.703910  1.083457  -0.022195  surface
44  -112.05  3  0.826413  11.373  11.229  -0.844583  1.173223  0.001549  S3_pocket
45  -135.34  3  0.811466  12.121  11.005  -0.941877  1.188548  -0.011040  S3_pocket
46  -120.47  3  0.879913  11.815  8.797  -0.788436  0.952543  -0.008603  S3_pocket
47  84.19  1  0.741044  11.762  10.733  0.676214  1.061687  -0.019783  surface
48  79.20  1  0.700166  10.482  12.761  0.842167  1.151622  -0.009542  surface
49  90.26  1  0.789540  11.766  10.646  0.670141  1.029458  -0.021101  surface
50  103.08  1  0.821566  10.786  10.686  0.421949  1.032807  -0.024463  surface
51  78.15  1  0.684845  9.860  12.327  0.843540  1.201170  -0.023291  surface
52  83.00  1  0.754926  8.173  12.292  0.727842  1.142547  -0.029732  surface
53  69.41  1  0.713697  8.578  12.695  0.776082  1.201340  -0.015105  surface
54  16.64  0  0.795521  8.547  11.655  0.312773  1.062577  -0.018564  surface
55  97.85  1  0.701551  7.859  12.339  0.912532  1.144143  -0.025804  surface
56  95.97  1  0.706154  8.445  13.246  0.794897  1.187706  -0.018740  surface
57  101.12  1  0.681544  9.242  13.204  0.824122  1.265263  -0.022445  surface
58  41.45  0  0.800849  8.411  12.108  0.508387  1.029601  -0.009860  surface
59  26.89  0  0.785186  8.672  12.134  0.351704  1.043141  -0.014714  surface
60  45.44  0  0.732501  8.922  12.296  0.831488  1.140402  -0.024747  surface
61  -70.78  2  0.797462  9.343  10.158  -0.761252  1.176973  0.003997  S3_pocket
62  -120.44  3  0.781591  9.488  10.822  -0.833903  1.204244  0.007514  S3_pocket
63  -102.03  3  0.847432  10.246  9.204  -0.894342  1.013441  -0.013575  S3_pocket
64  -121.09  3  0.861334  10.131  9.102  -0.881618  1.043357  -0.046676  S3_pocket
65  -112.72  3  0.882449  10.126  9.566  -0.796002  1.025736  -0.003222  S3_pocket
66  -87.21  2  0.792732  9.442  11.216  -0.792786  1.146951  -0.015554  S3_pocket
67  -65.12  2  0.758741  7.123  11.121  0.279359  1.008965  -0.026329  surface
68  83.67  1  0.806872  7.050  12.275  -0.933429  1.236652  -0.008779  S1_pocket
69  79.36  1  0.784106  8.857  9.160  -0.750678  1.042644  -0.005192  S3_pocket
70  165.25  0  0.789972  7.130  10.506  -0.826952  1.120441  -0.001607  S1_pocket
71  132.65  1  0.749895  6.503  11.634  -0.958279  1.242346  -0.013028  S1_pocket
72  175.65  0  0.861679  8.225  8.029  -0.793472  0.997137  -0.011991  S3_pocket
73  120.67  1  0.783334  7.630  10.776  -0.873958  1.153552  0.000027  S1_pocket
74  -122.72  3  0.788495  10.349  9.848  -0.877156  1.108502  -0.009100  S3_pocket
75  -122.65  3  0.814845  9.985  8.094  -0.818640  1.011804  -0.008534  S3_pocket
76  -84.09  2  0.801407  9.885  8.802  -0.945622  1.083263  -0.010007  S3_pocket
77  -110.87  3  0.756253  10.177  10.145  -0.969779  1.200229  -0.008247  S3_pocket
78  -120.59  3  0.798214  10.743  8.838  -0.775847  1.044278  -0.004506  S3_pocket
79  -97.77  3  0.795127  10.242  9.363  -0.873231  1.097666  -0.031121  S3_pocket
80  -108.17  3  0.806179  10.761  8.389  -0.903647  1.099205  0.001451  S3_pocket
81  -128.40  3  0.766021  11.403  7.718  -0.793107  1.118560  -0.005652  S3_pocket
82  -85.88  2  0.779622  10.645  7.844  -0.967557  1.061169  -0.013224  S3_pocket
83  -82.83  2  0.806338  11.042  8.239  -0.998996  1.070147  -0.022678  S3_pocket
84  -127.10  3  0.767876  10.376  8.827  -0.798969  1.125805  -0.020763  S3_pocket
85  -115.49  3  0.913536  10.578  6.225  -0.944645  0.808876  -0.010969  S3_pocket
86  -117.34  3  0.854668  9.689  6.911  -0.709000  0.897885  -0.022640  S3_pocket
87  102.72  1  0.900715  10.744  6.105  -0.702198  0.854248  -0.004849  S3_pocket
88  122.59  1  0.909475  10.337  5.717  -0.738588  0.802302  -0.006030  S3_pocket
89  107.05  1  0.942019  11.271  5.115  -0.690939  0.661262  -0.014426  S3_pocket
90  107.40  1  0.937985  10.975  5.625  -0.589231  0.723945  0.001040  S3_pocket
91  98.93  1  0.905771  11.697  6.081  -0.493112  0.749769  0.001383  S3_pocket
92  129.85  1  0.844648  9.876  7.798  -0.814839  0.980766  0.002342  S3_pocket
93  102.63  1  0.922091  10.745  6.188  -0.818015  0.758314  -0.008235  S3_pocket
94  151.89  0  0.870748  9.088  7.449  -0.760886  0.966823  0.005335  S3_pocket
95  171.07  0  0.872424  9.779  7.497  -0.796225  0.988123  -0.018036  S3_pocket
96  118.88  1  0.872155  9.418  7.357  -0.913448  0.960153  -0.003385  S3_pocket
97  142.22  1  0.882782  9.259  7.248  -0.745494  0.931304  -0.010436  S3_pocket
98  -136.86  3  0.897024  10.717  6.836  -0.617321  0.843747  -0.015278  S3_pocket
99  130.71  1  0.851780  10.227  7.334  -0.936948  0.939137  -0.005651  S3_pocket
100  98.43  1  0.919834  9.597  6.146  -0.808674  0.832418  -0.012019  S3_pocket
101  123.35  1  0.905936  9.954  7.013  -0.882500  0.890756  -0.006747  S3_pocket
102  -107.30  3  0.868583  11.197  6.625  -0.965712  0.959385  -0.034255  S3_pocket
103  -114.18  3  0.892899  11.177  6.392  -0.860772  0.874726  -0.017279  S3_pocket
104  -101.19  3  0.828897  11.164  6.639  -0.994743  1.034561  -0.018798  S3_pocket
105  103.48  1  0.905517  10.721  5.909  -0.762788  0.777082  0.004444  S3_pocket
106  107.47  1  0.901487  11.174  6.512  -0.677204  0.844063  0.001750  S3_pocket
107  -145.67  3  0.901645  10.159  7.147  -0.638398  0.860496  -0.025285  S3_pocket
108  -103.25  3  0.953412  11.652  6.773  -0.932611  0.879064  -0.015949  S3_pocket
109  -102.75  3  0.950438  12.286  5.492  -0.812560  0.811942  -0.034577  S3_pocket
110  -132.14  3  0.876769  11.563  6.838  -0.952914  0.960997  -0.029992  S3_pocket
111  -100.37  3  0.905601  11.360  6.558  -0.951905  0.911722  -0.017664  S3_pocket
112  -112.10  3  0.908851  11.714  6.797  -0.936473  0.855483  -0.020007  S3_pocket
113  -95.54  3  0.936955  12.246  5.931  -0.957531  0.854925  -0.032556  S3_pocket
114  -107.69  3  0.911629  11.069  6.729  -0.941270  0.902923  -0.032713  S3_pocket
115  -113.59  3  0.882797  12.148  6.817  -0.947338  0.935752  -0.012584  S3_pocket
116  -84.29  2  0.893036  12.051  6.460  -0.986216  0.905782  -0.033461  S3_pocket
117  -104.16  3  0.934688  12.564  5.330  -0.713866  0.835905  -0.015309  S3_pocket
118  -100.46  3  0.948368  12.483  6.586  -0.893301  0.819612  -0.006673  S3_pocket
119  -108.85  3  0.854018  11.731  7.035  -0.975942  0.961459  -0.035293  S3_pocket
120  -108.85  3  0.936049  11.904  6.808  -0.948226  0.884350  -0.034057  S3_pocket
121  -128.14  3  0.958190  11.986  6.041  -0.818576  0.822679  -0.023731  S3_pocket
122  -91.96  3  0.941876  11.831  6.312  -0.965558  0.865001  -0.019725  S3_pocket
123  -113.50  3  0.894959  11.370  6.067  -0.907597  0.868130  -0.004082  S3_pocket
124  -111.75  3  0.901801  11.957  6.813  -0.917468  0.897614  -0.006979  S3_pocket
125  -104.38  3  0.957049  12.166  5.902  -0.907082  0.823173  -0.023298  S3_pocket
126  -108.40  3  0.865785  11.835  7.063  -0.975319  0.966925  -0.005686  S3_pocket
127  -106.58  3  0.944035  11.509  6.496  -0.916651  0.825973  -0.031532  S3_pocket
128  -125.27  3  0.943184  12.182  6.095  -0.845591  0.818683  -0.007609  S3_pocket
129  -108.40  3  0.923947  12.311  6.808  -0.913579  0.899923  -0.011009  S3_pocket
130  -115.33  3  0.927662  12.169  6.978  -0.911509  0.842459  -0.017158  S3_pocket
131  -85.60  2  0.941307  12.470  6.513  -0.954022  0.845025  -0.014301  S3_pocket
132  -99.97  3  0.918223  12.459  6.660  -0.961791  0.896646  -0.013964  S3_pocket
133  -120.50  3  0.888110  11.359  6.955  -0.914974  0.938710  -0.030337  S3_pocket
134  -98.92  3  0.900771  11.850  6.688  -0.975729  0.944775  -0.022194  S3_pocket
135  -103.03  3  0.950703  11.539  6.189  -0.918971  0.820645  -0.036842  S3_pocket
136  -110.54  3  0.859600  12.612  6.813  -0.985869  0.997543  -0.033347  S3_pocket
137  -86.45  2  0.870024  12.451  6.216  -0.991825  0.922846  -0.009968  S3_pocket
138  -117.28  3  0.888156  12.193  6.346  -0.730602  0.925408  0.008027  S3_pocket
139  -103.00  3  0.898032  12.790  5.598  -0.901165  0.888033  -0.004711  S3_pocket
140  -111.46  3  0.864598  11.398  6.188  -0.823674  0.955357  -0.016758  S3_pocket
141  -110.56  3  0.884220  12.796  6.113  -0.899513  0.927964  -0.004706  S3_pocket
142  -73.35  2  0.886689  11.619  5.791  -0.950552  0.887372  -0.009452  S3_pocket
143  -99.60  3  0.904279  12.065  5.694  -0.954189  0.891257  -0.015732  S3_pocket
144  -125.24  3  0.878722  12.015  6.247  -0.871647  0.933398  -0.022300  S3_pocket
145  -94.11  3  0.896391  12.032  5.971  -0.912181  0.921736  -0.009360  S3_pocket
146  -102.98  3  0.875865  12.306  5.601  -0.981141  0.902849  -0.005584  S3_pocket
147  -86.55  2  0.881100  12.243  5.803  -0.992602  0.880769  -0.014703  S3_pocket
148  -95.07  3  0.883757  11.573  5.877  -0.949901  0.896113  -0.016605  S3_pocket
149  -99.04  3  0.907173  12.223  5.868  -0.924748  0.882010  -0.011661  S3_pocket
150  -111.33  3  0.895857  12.155  5.712  -0.933770  0.860340  -0.019201  S3_pocket
151  -109.84  3  0.892681  11.866  5.885  -0.965459  0.898706  -0.015094  S3_pocket
152  -105.46  3  0.892557  11.687  5.982  -0.952781  0.953218  -0.025866  S3_pocket
153  -109.65  3  0.917611  11.360  6.181  -0.938222  0.889345  -0.044989  S3_pocket
154  -86.01  2  0.922671  11.791  5.870  -0.919856  0.843417  -0.056699  S3_pocket
155  -103.57  3  0.873182  12.745  6.039  -0.958846  0.950622  -0.049240  S3_pocket
156  -104.74  3  0.931800  12.031  5.944  -0.829218  0.840042  -0.021938  S3_pocket
157  -129.34  3  0.950633  11.611  6.514  -0.905290  0.889116  -0.030414  S3_pocket
158  -115.79  3  0.888610  12.242  6.225  -0.922782  0.937624  -0.017498  S3_pocket
159  -116.55  3  0.973574  12.270  5.629  -0.707480  0.781145  -0.023186  S3_pocket
160  -115.94  3  0.950171  11.831  6.380  -0.858787  0.838110  -0.024975  S3_pocket
161  -88.06  2  0.906263  12.243  6.632  -0.964671  0.876511  -0.035689  S3_pocket
162  -120.15  3  0.947687  12.106  6.425  -0.864507  0.826897  -0.038468  S3_pocket
163  -96.41  3  0.964501  13.022  5.470  -0.912891  0.750974  -0.019622  S3_pocket
164  124.28  1  0.979457  11.039  6.228  -0.734986  0.735075  -0.002779  S3_pocket
165  117.87  1  0.960269  10.925  6.606  -0.760069  0.792140  0.005936  S3_pocket
166  137.44  1  0.981846  11.717  5.928  -0.412278  0.702434  -0.001637  S3_pocket
167  97.66  1  0.936406  10.752  6.465  -0.905064  0.815196  -0.002490  S3_pocket
168  107.89  1  0.939683  10.872  6.266  -0.830178  0.773954  -0.009862  S3_pocket
169  114.61  1  0.943554  11.107  5.765  -0.787086  0.784504  0.003932  S3_pocket
170  135.29  1  0.922795  11.015  6.534  -0.746051  0.802796  0.003576  S3_pocket
171  112.51  1  0.894815  10.226  6.788  -0.849114  0.867427  0.003350  S3_pocket
172  -118.68  3  0.927231  11.412  7.982  -0.593387  0.863894  0.006239  S3_pocket
173  -131.14  3  0.900527  10.881  6.306  -0.831177  0.850520  0.003436  S3_pocket
174  -98.20  3  0.926898  12.359  6.981  -0.642377  0.840201  -0.023554  S3_pocket
175  -99.40  3  0.929271  11.166  6.245  -0.939839  0.835619  -0.025258  S3_pocket
176  -96.12  3  0.973487  11.911  6.388  -0.954777  0.805689  -0.012652  S3_pocket
177  -126.61  3  0.958793  11.877  6.723  -0.829041  0.792683  -0.014294  S3_pocket
178  -75.31  2  0.939813  12.028  5.887  -0.933999  0.839324  -0.022517  S3_pocket
179  -93.13  3  0.924441  11.894  6.891  -0.969146  0.814016  -0.015030  S3_pocket
180  -126.99  3  0.934608  11.412  7.521  -0.651940  0.857694  -0.015390  S3_pocket
181  -132.47  3  0.953683  11.522  7.917  -0.507546  0.817159  -0.016952  S3_pocket
182  -126.47  3  0.941726  11.852  7.155  -0.631103  0.817997  -0.006275  S3_pocket
183  -109.64  3  0.976676  11.535  6.422  -0.791650  0.777038  -0.001309  S3_pocket
184  -95.39  3  0.941606  11.538  7.092  -0.924018  0.826770  0.008485  S3_pocket
185  -109.26  3  0.959256  11.703  6.962  -0.866345  0.798921  -0.019160  S3_pocket
186  -84.50  2  0.969288  11.680  6.840  -0.957468  0.795366  -0.035185  S3_pocket
187  -130.31  3  0.967707  11.890  6.735  -0.751711  0.747800  0.002418  S3_pocket
188  -103.31  3  0.941115  11.720  6.735  -0.907057  0.835316  -0.005617  S3_pocket
189  -137.57  3  0.958075  11.414  6.616  -0.923419  0.828140  -0.020856  S3_pocket
190  -99.49  3  0.947169  11.530  6.895  -0.949604  0.831215  -0.040234  S3_pocket
191  -94.51  3  0.950473  11.925  6.792  -0.909655  0.818377  -0.022521  S3_pocket
192  -115.36  3  0.973297  11.222  6.931  -0.763023  0.763617  -0.006760  S3_pocket
193  -112.33  3  0.924264  11.743  7.558  -0.679230  0.784626  -0.001891  S3_pocket
194  -123.57  3  0.949559  12.434  6.272  -0.618653  0.733565  -0.006071  S3_pocket
195  -94.50  3  0.919229  11.894  6.788  -0.890817  0.815674  0.007760  S3_pocket
196  -86.95  2  0.971469  12.494  6.281  -0.749808  0.706259  -0.005183  S3_pocket
197  -119.80  3  0.930951  11.262  6.740  -0.850466  0.774240  -0.001834  S3_pocket
198  -134.08  3  0.788104  11.441  9.022  -0.940159  1.094735  0.011982  S3_pocket
199  -106.10  3  0.879270  11.899  7.122  -0.979399  0.908218  -0.000008  S3_pocket
200  -74.66  2  0.902180  11.726  6.878  -0.993805  0.929622  -0.021298  S3_pocket
201  -95.52  3  0.892303  12.687  7.282  -0.973346  0.940573  -0.026566  S3_pocket
202  -122.91  3  0.973726  12.240  6.483  -0.777387  0.753054  0.010956  S3_pocket
203  -96.47  3  0.910621  12.434  6.854  -0.952908  0.839079  -0.005303  S3_pocket
204  -108.58  3  0.915702  10.859  7.318  -0.947211  0.965795  -0.027789  S3_pocket
205  -75.23  2  0.925962  11.345  5.956  -0.958090  0.800441  -0.038377  S3_pocket
206  -97.07  3  0.830158  11.028  6.171  -0.950309  0.968621  -0.026205  S3_pocket
207  -104.37  3  0.889337  11.245  7.450  -0.939003  0.938582  0.002645  S3_pocket
208  -111.01  3  0.893824  11.254  7.076  -0.942731  0.908917  -0.003832  S3_pocket
209  -114.35  3  0.926972  11.213  6.719  -0.920238  0.853655  -0.005755  S3_pocket
210  -108.95  3  0.913494  11.889  6.489  -0.935945  0.869522  -0.032980  S3_pocket
211  -137.74  3  0.862387  10.739  8.280  -0.924068  1.019389  -0.019139  S3_pocket
212  -124.07  3  0.896535  10.793  6.279  -0.929477  0.839594  -0.014172  S3_pocket
213  -97.21  3  0.922341  11.269  7.215  -0.933111  0.866631  -0.008202  S3_pocket
214  -80.67  2  0.894608  11.304  6.097  -0.910960  0.861143  -0.037408  S3_pocket
215  -93.69  3  0.926236  11.569  6.096  -0.917897  0.777070  -0.043528  S3_pocket
216  -109.28  3  0.919825  10.741  6.193  -0.926772  0.853664  -0.027506  S3_pocket
217  -115.27  3  0.887891  11.992  7.099  -0.967871  0.903976  -0.008376  S3_pocket
218  -110.78  3  0.906281  11.128  7.114  -0.955520  0.876549  -0.019436  S3_pocket
219  -79.85  2  0.870185  11.402  7.078  -0.997251  0.925994  -0.009442  S3_pocket
220  -125.52  3  0.879587  11.082  6.914  -0.936666  0.881215  -0.017924  S3_pocket
221  -118.53  3  0.858711  10.892  7.967  -0.994247  0.971840  -0.007976  S3_pocket
222  -98.49  3  0.900095  11.892  7.026  -0.951390  0.884270  -0.020749  S3_pocket
223  -98.17  3  0.880573  11.150  7.470  -0.991042  0.914304  -0.009427  S3_pocket
224  -105.05  3  0.901400  11.555  6.341  -0.960821  0.830664  -0.028233  S3_pocket
225  -145.85  3  0.855400  10.823  8.324  -0.953530  0.943167  -0.001522  S3_pocket
226  -101.32  3  0.863915  11.144  7.109  -0.966941  0.882203  -0.023310  S3_pocket
227  -106.60  3  0.864631  11.326  7.780  -0.969361  0.936636  -0.000145  S3_pocket
228  -150.63  3  0.898001  11.697  7.920  -0.258877  0.774013  -0.003168  S3_pocket
229  -143.15  3  0.900452  11.098  7.836  -0.653335  0.902119  -0.015852  S3_pocket
230  -106.76  3  0.919701  11.837  6.822  -0.657689  0.808022  -0.034217  S3_pocket
231  -114.72  3  0.898324  11.242  7.550  -0.937214  0.868551  -0.047732  S3_pocket
232  -119.66  3  0.864805  10.434  6.643  -0.885881  0.887104  -0.050184  S3_pocket
233  -115.14  3  0.919944  10.883  6.882  -0.940236  0.836212  -0.039064  S3_pocket
234  -103.54  3  0.849279  10.909  8.202  -0.941121  0.983574  -0.026014  S3_pocket
235  -96.68  3  0.883433  10.952  6.795  -0.998390  0.926883  -0.048517  S3_pocket
236  -108.87  3  0.945672  11.103  6.884  -0.952646  0.795301  -0.038697  S3_pocket
237  -100.98  3  0.818470  10.592  8.526  -0.994874  1.013911  -0.039374  S3_pocket
238  -92.84  3  0.952607  11.531  6.199  -0.969872  0.775708  -0.017356  S3_pocket
239  -99.08  3  0.925250  11.238  6.909  -0.989667  0.875613  -0.049669  S3_pocket
240  -106.32  3  0.877637  11.214  7.858  -0.966615  0.878504  -0.036730  S3_pocket
241  -95.18  3  0.905465  11.241  7.095  -0.988366  0.893981  -0.046351  S3_pocket
242  -103.59  3  0.894272  11.277  7.586  -0.945015  0.898406  -0.042526  S3_pocket
243  -108.45  3  0.914675  11.471  7.011  -0.834755  0.756887  -0.037238  S3_pocket
244  -106.16  3  0.863028  11.194  7.914  -0.970983  0.944306  -0.018568  S3_pocket
245  -97.88  3  0.860003  10.908  8.276  -0.996947  0.950536  -0.031575  S3_pocket
246  -115.51  3  0.945514  11.791  7.113  -0.931300  0.758484  -0.033638  S3_pocket
247  -95.18  3  0.918415  11.668  7.218  -0.814116  0.805983  -0.045045  S3_pocket
248  -92.09  3  0.933219  11.666  6.349  -0.977269  0.857369  -0.037009  S3_pocket
249  -115.81  3  0.871743  10.412  8.282  -0.999351  1.051342  -0.000580  S3_pocket
250  -100.57  3  0.916624  11.184  7.206  -0.937121  0.914920  -0.015233  S3_pocket
251  -96.48  3  0.890116  11.811  7.191  -0.994134  0.917878  -0.022690  S3_pocket
252  -97.94  3  0.862953  11.159  8.191  -0.987897  0.942529  -0.023858  S3_pocket
253  -112.40  3  0.912707  11.939  7.090  -0.932589  0.864222  -0.049705  S3_pocket
254  -103.60  3  0.867101  11.245  7.394  -0.989023  0.965002  -0.048254  S3_pocket
255  -109.25  3  0.876116  11.478  7.399  -0.989953  0.977152  -0.035788  S3_pocket
256  -101.11  3  0.895968  11.158  7.459  -0.966511  0.903120  -0.031919  S3_pocket
257  -111.20  3  0.897927  10.919  7.212  -0.985589  0.920649  -0.047023  S3_pocket
258  -122.16  3  0.860799  10.818  8.374  -0.739998  0.971548  -0.040394  S3_pocket
259  -111.82  3  0.909372  11.446  6.916  -0.888716  0.804328  -0.008323  S3_pocket
260  -109.86  3  0.904816  11.669  6.543  -0.877058  0.829799  -0.038074  S3_pocket
261  -111.84  3  0.933336  11.908  7.284  -0.793138  0.796195  -0.025044  S3_pocket
262  -118.33  3  0.955985  12.180  6.589  -0.846844  0.773560  -0.018798  S3_pocket
263  -110.71  3  0.941538  10.935  6.719  -0.894409  0.838377  -0.041793  S3_pocket
264  -116.43  3  0.916375  12.271  7.383  -0.835063  0.834407  -0.013949  S3_pocket
265  -116.00  3  0.897556  11.204  7.346  -0.904620  0.935114  -0.032143  S3_pocket
266  -128.01  3  0.934898  11.719  6.790  -0.790277  0.831050  -0.037964  S3_pocket
267  -112.61  3  0.886393  10.844  7.968  -0.968323  0.989909  -0.053378  S3_pocket
268  -107.73  3  0.919758  10.991  7.258  -0.897564  0.881988  -0.048201  S3_pocket
269  -114.44  3  0.907008  11.175  7.082  -0.907670  0.910473  -0.046380  S3_pocket
270  -119.11  3  0.920308  11.357  7.105  -0.963039  0.894884  -0.045677  S3_pocket
271  -102.15  3  0.883677  11.776  7.019  -0.962300  0.970087  -0.035852  S3_pocket
272  -99.84  3  0.901294  11.205  6.857  -0.966142  0.875969  -0.049171  S3_pocket
273  -106.66  3  0.916217  11.410  6.932  -0.948636  0.927190  -0.052593  S3_pocket
274  -118.18  3  0.875201  12.218  7.401  -0.988069  0.947669  -0.033430  S3_pocket
275  -124.12  3  0.903068  11.991  7.314  -0.939509  0.919228  -0.031841  S3_pocket
276  -94.34  3  0.894484  11.405  7.261  -0.964430  0.894125  -0.033579  S3_pocket
277  -98.91  3  0.892322  11.829  7.794  -0.958991  0.877596  -0.031490  S3_pocket
278  -108.76  3  0.918059  11.058  7.151  -0.964687  0.895309  -0.037562  S3_pocket
279  -116.84  3  0.881183  11.446  7.820  -0.919392  0.919683  -0.037294  S3_pocket
280  -108.65  3  0.962691  12.079  6.443  -0.923342  0.737900  -0.031834  S3_pocket
281  -117.12  3  0.915752  11.747  6.962  -0.857120  0.820507  -0.037763  S3_pocket
282  -88.30  2  0.847906  11.465  7.097  -0.998167  0.969339  -0.043410  S3_pocket
283  -129.37  3  0.898896  11.234  7.109  -0.876498  0.939740  -0.045369  S3_pocket
284  -113.57  3  0.912177  11.412  7.581  -0.950698  0.885509  -0.010702  S3_pocket
285  -111.72  3  0.918110  12.197  6.844  -0.981794  0.876145  -0.038253  S3_pocket
286  -107.87  3  0.903135  11.632  7.429  -0.964785  0.897066  0.002374  S3_pocket
287  -99.83  3  0.946671  11.892  7.198  -0.966520  0.855691  -0.040100  S3_pocket
288  -97.01  3  0.936709  12.077  6.601  -0.947421  0.842027  -0.046349  S3_pocket
289  -104.79  3  0.972789  11.752  6.772  -0.923903  0.795030  -0.027879  S3_pocket
290  -89.79  2  0.850974  11.385  7.802  -0.990734  0.949003  -0.043711  S3_pocket
291  -95.99  3  0.931599  12.001  6.536  -0.934458  0.796414  -0.036465  S3_pocket
292  -109.57  3  0.927061  11.458  7.372  -0.911717  0.826835  -0.010391  S3_pocket
293  -126.58  3  0.928776  11.704  7.334  -0.901210  0.850277  -0.006001  S3_pocket
294  -115.23  3  0.942812  11.706  7.173  -0.935686  0.816058  -0.019795  S3_pocket
295  -126.99  3  0.877642  11.578  7.779  -0.979659  0.934030  -0.001667  S3_pocket
296  -105.30  3  0.895775  11.069  6.961  -0.989967  0.965794  -0.045472  S3_pocket
297  -119.97  3  0.895502  11.188  7.304  -0.952781  0.892696  -0.003357  S3_pocket
298  -110.49  3  0.880840  11.134  8.040  -0.973245  0.934085  -0.050247  S3_pocket
299  -104.80  3  0.880568  11.586  7.324  -0.995755  0.940454  -0.041951  S3_pocket
300  -107.97  3  0.931398  10.748  7.132  -0.952675  0.923482  -0.043342  S3_pocket
301  -117.12  3  0.903099  10.745  7.811  -0.945402  0.912840  -0.003105  S3_pocket
302  -114.35  3  0.860613  10.867  8.176  -0.951541  1.004430  -0.008250  S3_pocket
303  -102.55  3  0.851373  10.939  8.815  -0.991820  1.034591  -0.047910  S3_pocket
304  -129.57  3  0.894288  10.749  8.414  -0.880428  0.955109  -0.013125  S3_pocket
305  -120.44  3  0.893325  11.142  8.572  -0.981602  0.991439  -0.044750  S3_pocket
306  -124.47  3  0.910026  11.281  7.664  -0.926244  0.918505  -0.016710  S3_pocket
307  -101.74  3  0.874503  11.212  7.941  -0.996686  0.961735  -0.012629  S3_pocket
308  -107.42  3  0.833587  11.814  8.877  -0.996678  1.100920  -0.011193  S3_pocket
309  -111.56  3  0.858780  10.489  8.486  -0.974847  1.041901  -0.005229  S3_pocket
310  -111.86  3  0.885205  10.981  7.371  -0.963655  0.930824  -0.008191  S3_pocket
311  -102.02  3  0.910049  10.975  7.299  -0.915578  0.851823  -0.007814  S3_pocket
312  -122.27  3  0.902488  10.720  7.732  -0.960156  0.963374  -0.053874  S3_pocket
313  -107.56  3  0.872281  10.683  8.312  -0.989116  1.007462  -0.040581  S3_pocket
314  -99.09  3  0.826989  10.483  8.836  -0.992403  1.059307  -0.019434  S3_pocket
315  -115.54  3  0.888810  11.217  7.967  -0.960528  0.947396  -0.049560  S3_pocket
316  -119.36  3  0.903919  11.089  7.190  -0.945052  0.907503  -0.022410  S3_pocket
317  -90.87  3  0.845656  11.818  7.794  -0.970844  1.027853  -0.033186  S3_pocket
318  -99.62  3  0.828834  11.567  8.314  -0.978289  1.069035  -0.017502  S3_pocket
319  -105.88  3  0.918844  11.587  7.684  -0.924187  0.893169  -0.038764  S3_pocket
320  -117.18  3  0.893878  10.705  8.071  -0.996207  0.993318  -0.039292  S3_pocket
321  -110.32  3  0.905366  11.289  6.670  -0.862603  0.791483  -0.027325  S3_pocket
322  -104.77  3  0.907263  11.554  7.462  -0.974745  0.903411  -0.031872  S3_pocket
323  -113.08  3  0.937301  11.597  7.526  -0.814301  0.831510  -0.006976  S3_pocket
324  -122.28  3  0.907332  11.032  7.330  -0.958676  0.932796  -0.041360  S3_pocket
325  -111.35  3  0.898151  10.490  8.018  -0.978229  1.028780  -0.004004  S3_pocket
326  -115.57  3  0.912301  11.010  7.324  -0.978966  0.933948  -0.039608  S3_pocket
327  -104.93  3  0.925211  11.389  7.192  -0.970892  0.886173  -0.042087  S3_pocket
328  -116.68  3  0.881377  11.911  8.099  -0.914787  0.907030  -0.015287  S3_pocket
329  -94.60  3  0.889294  11.643  6.805  -0.988479  0.892795  -0.047991  S3_pocket
330  -124.23  3  0.912952  12.121  6.791  -0.936097  0.836215  -0.035416  S3_pocket
331  -115.83  3  0.940770  12.672  6.826  -0.942986  0.850334  -0.041082  S3_pocket
332  -132.09  3  0.936444  11.903  6.366  -0.908495  0.815552  -0.037668  S3_pocket
333  -109.57  3  0.900567  10.959  7.598  -0.987206  0.943612  -0.040996  S3_pocket
334  -84.50  2  0.904513  11.543  7.380  -0.995549  0.899940  -0.044554  S3_pocket
335  -105.83  3  0.853305  10.902  7.878  -0.976146  0.975015  -0.044617  S3_pocket
336  -110.15  3  0.837518  10.640  9.017  -0.941530  1.117222  -0.003745  S3_pocket
337  -85.52  2  0.905354  11.773  8.069  -0.993419  0.913531  -0.029223  S3_pocket
338  -106.23  3  0.858106  11.078  8.122  -0.999319  1.036043  -0.043796  S3_pocket
339  -108.63  3  0.878421  11.146  6.637  -0.996607  0.960629  -0.044306  S3_pocket
340  -120.63  3  0.891842  11.449  7.212  -0.917759  0.843131  -0.015853  S3_pocket
341  -106.86  3  0.871795  11.379  8.350  -0.960523  0.967879  -0.005337  S3_pocket
342  -118.51  3  0.871463  11.411  8.189  -0.929593  1.011522  -0.025463  S3_pocket
343  -123.63  3  0.886299  11.101  8.705  -0.637987  0.984784  -0.002720  S3_pocket
344  -111.52  3  0.872480  11.655  8.096  -0.895693  0.955405  -0.011365  S3_pocket
345  -119.73  3  0.936219  11.660  6.566  -0.830784  0.909656  -0.004290  S3_pocket
346  -122.96  3  0.942730  11.661  6.416  -0.705639  0.836553  -0.024217  S3_pocket
347  -122.80  3  0.898615  10.933  6.978  -0.836300  0.924959  -0.022733  S3_pocket
348  -95.16  3  0.906365  11.268  7.114  -0.967484  0.879174  -0.042027  S3_pocket
349  -125.72  3  0.866300  10.832  8.623  -0.794712  1.062668  -0.015920  S3_pocket
350  -112.83  3  0.935942  11.236  6.834  -0.925635  0.900070  -0.043787  S3_pocket
351  -115.74  3  0.881682  11.027  7.490  -0.981157  0.946028  -0.019892  S3_pocket
352  -94.89  3  0.899540  11.458  7.565  -0.963274  0.873522  -0.015986  S3_pocket
353  -129.10  3  0.867385  10.570  8.122  -0.941227  0.956501  0.001706  S3_pocket
354  -94.71  3  0.908470  11.306  7.096  -0.964157  0.841716  -0.010817  S3_pocket
355  -119.99  3  0.853627  10.580  8.211  -0.937078  0.979614  0.017051  S3_pocket
356  -115.42  3  0.866514  11.307  7.200  -0.937996  0.970119  0.001112  S3_pocket
357  -106.42  3  0.894243  12.203  7.064  -0.976822  0.882618  -0.002069  S3_pocket
358  -115.44  3  0.868736  11.642  7.773  -0.963781  1.009153  -0.025605  S3_pocket
359  -97.78  3  0.827115  10.881  7.971  -0.991856  1.030757  -0.009384  S3_pocket
360  -149.07  3  0.855012  10.627  9.076  -0.897665  1.070387  -0.008566  S3_pocket
361  -128.92  3  0.879362  11.735  8.147  -0.862793  0.952430  0.003345  S3_pocket
362  -136.39  3  0.899358  11.187  8.562  -0.920307  0.960245  -0.001016  S3_pocket
363  -102.60  3  0.820990  10.768  8.718  -0.971603  1.077375  -0.009150  S3_pocket
364  -110.06  3  0.925367  12.189  7.762  -0.905476  0.840520  -0.007928  S3_pocket
365  -132.22  3  0.935624  12.777  6.483  -0.534668  0.693267  -0.005019  S3_pocket
366  -123.49  3  0.910510  11.738  7.965  -0.582704  0.898328  -0.032715  S3_pocket
367  -98.63  3  0.868080  11.204  9.737  -0.864515  1.055189  -0.009952  S3_pocket
368  -112.73  3  0.956189  12.388  5.757  -0.934269  0.794954  -0.041987  S3_pocket
369  -92.13  3  0.926856  11.875  6.297  -0.964327  0.827928  -0.033697  S3_pocket
370  -100.90  3  0.954657  12.038  6.295  -0.866336  0.733566  -0.039735  S3_pocket
371  -108.66  3  0.993677  12.701  6.217  -0.636410  0.663699  -0.030652  S3_pocket
372  -104.02  3  0.947505  12.400  6.025  -0.864792  0.790096  -0.018452  S3_pocket
373  -91.95  3  0.946447  12.177  6.060  -0.875067  0.788982  -0.010916  S3_pocket
374  -117.86  3  0.945345  12.590  6.229  -0.927172  0.808960  -0.041021  S3_pocket
375  -103.57  3  0.943859  11.692  5.816  -0.902051  0.782577  -0.036372  S3_pocket
376  107.91  1  0.869301  11.478  7.336  -0.734569  0.823217  0.011122  S3_pocket
377  107.83  1  0.898479  11.236  6.635  -0.786701  0.819329  -0.004119  S3_pocket
378  118.91  1  0.898395  10.050  6.499  -0.837867  0.839087  0.002137  S3_pocket
379  81.06  1  0.923192  11.136  6.440  -0.906316  0.852813  0.004612  S3_pocket
380  116.70  1  0.962912  10.582  6.664  -0.593967  0.759334  -0.004809  S3_pocket
381  120.90  1  0.898728  10.294  7.111  -0.888431  0.874240  0.006925  S3_pocket
382  117.87  1  0.952723  10.795  5.727  -0.807404  0.641443  -0.018788  S3_pocket
383  124.70  1  0.983985  11.265  4.852  -0.560186  0.588110  -0.004251  S3_pocket
384  113.39  1  0.937010  10.463  5.911  -0.766993  0.764283  -0.000924  S3_pocket
385  134.58  1  0.989226  10.993  6.174  -0.526165  0.618978  0.002543  S3_pocket
386  85.41  1  0.997165  11.603  6.645  -0.570737  0.694983  -0.006346  S3_pocket
387  114.45  1  0.872232  9.689  7.163  -0.995216  0.920526  0.012005  S3_pocket
388  101.76  1  0.962299  10.859  5.722  -0.902927  0.735263  -0.009693  S3_pocket
389  97.12  1  0.819464  9.905  8.517  -0.902875  1.007442  0.009721  S3_pocket
390  109.13  1  0.910896  10.876  6.699  -0.865317  0.813190  0.003530  S3_pocket
391  105.67  1  0.787719  7.462  11.650  -0.997791  1.255328  -0.015197  S1_pocket
392  95.43  1  0.749537  6.889  12.091  -0.976495  1.364262  -0.024157  S1_pocket
393  126.36  1  0.791071  7.340  12.114  -0.996901  1.327449  -0.011054  S1_pocket
394  122.11  1  0.872376  10.148  9.069  -0.695462  1.009844  0.011035  S3_pocket
395  131.77  1  0.854792  9.177  8.767  -0.914059  1.044782  0.008380  S3_pocket
396  120.93  1  0.698858  6.767  13.404  -0.941806  1.439449  -0.009131  S1_pocket
397  94.98  1  0.808863  7.737  12.873  -0.969890  1.282246  -0.014173  S1_pocket
398  103.46  1  0.788855  7.252  12.317  -0.958472  1.344715  -0.025115  S1_pocket
399  100.74  1  0.774946  7.826  12.458  -0.956716  1.339503  -0.007665  S1_pocket
400  111.49  1  0.763735  6.883  12.275  -0.987508  1.377633  -0.009587  S1_pocket
401  94.23  1  0.772448  7.225  12.074  -0.952435  1.304110  -0.026825  S1_pocket
402  97.97  1  0.782123  7.808  11.658  -0.949665  1.302662  -0.018823  S1_pocket
403  129.57  1  0.800750  7.254  12.263  -0.997186  1.272345  -0.027174  S1_pocket
404  120.43  1  0.743298  7.503  12.662  -0.991861  1.347733  -0.014111  S1_pocket
405  102.08  1  0.761188  7.428  12.431  -0.954155  1.291048  -0.012523  S1_pocket
406  108.17  1  0.765837  7.621  13.728  -0.880380  1.327537  -0.021533  S1_pocket
407  114.18  1  0.739494  7.292  13.974  -0.969490  1.406997  -0.022688  S1_pocket
408  83.42  1  0.763635  7.237  13.166  -0.925245  1.373995  -0.019949  S1_pocket
409  82.93  1  0.785226  7.660  12.519  -0.926834  1.339293  -0.022449  S1_pocket
410  104.57  1  0.742033  7.182  12.103  -0.980242  1.384930  -0.010035  S1_pocket
411  90.17  1  0.755259  8.216  12.377  -0.873800  1.341046  -0.007329  S1_pocket
412  106.29  1  0.842333  7.837  11.783  -0.976010  1.284821  -0.018061  S1_pocket
413  87.12  1  0.721066  7.405  13.539  -0.741365  1.378854  -0.017258  S1_pocket
414  107.21  1  0.748710  7.579  13.149  -0.945238  1.340458  -0.009806  S1_pocket
415  104.05  1  0.806607  7.597  11.719  -0.970774  1.303981  -0.014846  S1_pocket
416  105.93  1  0.777562  7.260  13.857  -0.967617  1.376559  -0.015098  S1_pocket
417  115.92  1  0.783023  7.041  13.248  -0.947243  1.344261  -0.012931  S1_pocket
418  103.43  1  0.763513  7.753  13.032  -0.958314  1.318359  -0.027011  S1_pocket
419  114.78  1  0.788964  8.123  13.124  -0.967812  1.330922  -0.006550  S1_pocket
420  85.79  1  0.759585  7.733  12.441  -0.882493  1.363430  -0.024154  S1_pocket
421  51.84  1  0.826022  9.626  10.980  -0.586475  1.157408  -0.016151  S1_pocket
422  114.00  1  0.772484  6.608  12.805  -0.683924  1.273391  -0.011836  S1_pocket
423  85.71  1  0.739260  7.314  11.904  -0.922598  1.293352  -0.007057  S1_pocket
424  118.12  1  0.709372  6.647  12.536  -0.855834  1.359787  -0.005528  S1_pocket
425  75.93  1  0.745464  8.509  11.378  0.579296  1.131179  -0.013887  surface
426  89.93  1  0.779595  8.181  10.840  0.124462  1.168374  -0.005505  surface
427  102.77  1  0.817726  7.135  12.747  0.199898  1.220588  -0.028314  S1_pocket
428  95.57  1  0.799969  6.647  12.568  -0.954616  1.384815  -0.028763  S1_pocket
429  89.77  1  0.755432  7.044  13.236  -0.944173  1.412878  -0.026591  S1_pocket
430  105.60  1  0.767347  6.324  13.504  -0.943382  1.404505  -0.033035  S1_pocket
431  107.93  1  0.724529  5.550  13.034  0.007941  1.303751  -0.013749  S1_pocket
432  94.58  1  0.682571  5.705  13.492  0.149295  1.347228  -0.019273  S1_pocket
433  92.61  1  0.638532  4.845  15.359  0.296267  1.474097  -0.014845  S1_pocket
434  88.94  1  0.747678  5.112  12.595  0.069514  1.286452  -0.013169  S1_pocket
435  85.53  1  0.782869  5.183  12.484  0.164419  1.231377  -0.017499  S1_pocket
436  82.34  1  0.779195  6.155  12.065  0.069054  1.267084  -0.012987  S1_pocket
437  87.27  1  0.789650  5.455  12.123  0.098355  1.237418  -0.005817  S1_pocket
438  93.44  1  0.782023  5.380  12.055  0.052695  1.272040  -0.018203  S1_pocket
439  94.70  1  0.742104  5.785  12.342  0.046884  1.303903  -0.002608  S1_pocket
440  77.52  1  0.740529  5.315  14.323  -0.011087  1.417539  -0.036812  S1_pocket
441  90.78  1  0.706907  5.121  14.625  0.249900  1.443818  -0.030848  S1_pocket
442  90.21  1  0.697596  5.150  14.730  0.056392  1.445183  -0.024287  S1_pocket
443  80.28  1  0.721828  5.008  15.105  -0.001927  1.448970  -0.026535  S1_pocket
444  86.20  1  0.680568  5.931  15.138  0.343743  1.454734  -0.031989  S1_pocket
445  99.75  1  0.708769  5.901  14.661  0.223859  1.432652  -0.024212  S1_pocket
446  88.37  1  0.698763  5.392  14.505  0.323824  1.414484  -0.038242  S1_pocket
447  88.05  1  0.761600  5.509  12.916  0.045675  1.324651  -0.015241  S1_pocket
448  69.81  1  0.771756  5.190  13.876  0.129851  1.286974  -0.012145  S1_pocket
449  68.49  1  0.754078  5.464  13.791  0.316886  1.344182  -0.022795  S1_pocket
450  85.80  1  0.690697  6.002  15.890  0.334851  1.514540  -0.025810  S1_pocket
451  68.08  1  0.669321  5.103  16.462  0.623664  1.485543  -0.018717  S1_pocket
452  88.49  1  0.729811  7.070  13.968  0.489362  1.309631  -0.014500  surface
453  89.47  1  0.819998  7.528  11.973  0.926200  1.040577  -0.052248  surface
454  108.23  1  0.757946  5.534  14.768  0.398114  1.325199  -0.018486  S1_pocket
455  82.56  1  0.739830  5.852  14.329  0.157614  1.330838  -0.025158  S1_pocket
456  70.98  1  0.793094  5.735  13.104  0.095439  1.247741  -0.017850  S1_pocket
457  86.34  1  0.755219  5.975  13.629  0.268645  1.306240  -0.022114  S1_pocket
458  89.10  1  0.676634  5.732  15.624  0.206911  1.522372  -0.039908  S1_pocket
459  77.60  1  0.702367  5.852  14.332  0.241962  1.426542  -0.023166  S1_pocket
460  103.94  1  0.687434  5.333  14.332  0.066801  1.375861  -0.020489  S1_pocket
461  83.96  1  0.710465  4.699  15.204  0.260934  1.435438  -0.031598  S1_pocket
462  77.69  1  0.702119  5.606  14.779  0.407889  1.402321  -0.027893  S1_pocket
463  78.40  1  0.717914  5.749  14.866  0.517276  1.349420  -0.015694  S1_pocket
464  82.98  1  0.703586  5.945  14.572  0.360633  1.351873  -0.036013  S1_pocket
465  67.94  1  0.743329  4.578  15.269  0.491856  1.368344  -0.051426  S1_pocket
466  83.85  1  0.694962  4.991  14.833  0.419342  1.383356  -0.016877  S1_pocket
467  82.64  1  0.671457  5.722  15.469  0.538679  1.433791  -0.022592  surface
468  63.34  1  0.654267  4.917  16.939  0.382020  1.556402  -0.036540  S1_pocket
469  79.29  1  0.635481  5.304  17.673  0.369775  1.611590  -0.040025  S1_pocket
470  105.01  1  0.747657  5.795  13.959  0.370324  1.282590  -0.027013  S1_pocket
471  96.69  1  0.728960  5.114  14.523  0.380867  1.372162  -0.048317  S1_pocket
472  69.49  1  0.675371  5.350  15.610  0.060798  1.501044  -0.038469  S1_pocket
473  87.38  1  0.731017  6.498  13.767  0.094036  1.338468  -0.020945  S1_pocket
474  85.51  1  0.720048  4.943  14.678  0.019607  1.420072  -0.019047  S1_pocket
475  81.65  1  0.736040  5.818  14.057  0.177444  1.378672  -0.035473  S1_pocket
476  65.92  1  0.648198  5.267  16.689  0.248002  1.571453  -0.025520  S1_pocket
477  78.17  1  0.675464  6.134  15.242  -0.010703  1.507912  -0.030033  S1_pocket
478  86.60  1  0.734713  5.379  14.536  0.274175  1.396980  -0.022717  S1_pocket
479  85.92  1  0.733501  5.134  14.753  0.196713  1.349767  -0.030331  S1_pocket
480  98.65  1  0.699321  6.272  14.033  0.196530  1.402967  -0.018331  S1_pocket
481  74.49  1  0.659849  5.134  16.490  0.195406  1.561591  -0.019172  S1_pocket
482  79.92  1  0.723049  5.589  13.725  0.346785  1.319129  -0.024270  S1_pocket
483  79.40  1  0.677036  5.914  15.556  0.162951  1.498344  -0.025285  S1_pocket
484  81.91  1  0.666362  6.519  16.656  0.138377  1.592410  -0.019577  S1_pocket
485  93.79  1  0.633888  6.503  16.324  0.182416  1.595462  -0.030705  surface
486  94.59  1  0.669762  6.586  15.463  0.017812  1.550047  -0.039309  S1_pocket
487  69.24  1  0.682309  5.319  16.055  0.193584  1.513713  -0.046696  S1_pocket
488  79.19  1  0.668864  5.464  16.672  0.240713  1.525192  -0.017858  S1_pocket
489  93.09  1  0.749226  5.194  13.802  0.196687  1.345092  -0.022206  S1_pocket
490  77.97  1  0.763996  5.985  13.761  0.381194  1.267071  -0.026720  S1_pocket
491  81.97  1  0.728594  5.309  13.818  0.141370  1.355617  -0.015951  S1_pocket
492  66.87  1  0.671907  5.810  15.810  0.385518  1.476642  -0.028504  S1_pocket
493  72.47  1  0.761926  5.233  14.150  0.055138  1.340947  -0.026286  S1_pocket
494  96.29  1  0.688517  5.654  14.107  0.056938  1.435584  -0.026854  S1_pocket
495  87.83  1  0.694826  5.664  14.457  0.238789  1.403402  -0.036346  S1_pocket
496  65.76  1  0.575878  7.262  15.436  0.062142  1.579375  -0.026309  surface
497  67.84  1  0.712193  7.451  13.156  -0.090284  1.378908  -0.044582  S1_pocket
498  113.94  1  0.843412  6.058  12.396  0.645190  1.076263  -0.031081  surface
499  93.14  1  0.786568  5.511  11.711  0.248335  1.134621  -0.021836  surface
500  88.61  1  0.818165  5.356  12.038  0.420918  1.079328  -0.025572  surface
501  97.25  1  0.785746  5.441  12.789  0.413718  1.110016  -0.016714  surface
502  85.98  1  0.696183  5.654  12.700  0.248057  1.259734  -0.017359  surface
503  80.07  1  0.818943  5.156  12.615  0.076070  1.199358  -0.005842  S1_pocket
504  92.08  1  0.803859  5.540  12.502  0.153945  1.151120  -0.030393  surface
505  96.94  1  0.754883  6.289  11.400  -0.257753  1.169295  -0.010721  S1_pocket
506  89.42  1  0.746919  5.275  13.007  0.231621  1.218951  -0.010157  surface
507  75.48  1  0.728565  5.669  12.713  0.382477  1.287465  -0.038011  surface
508  84.47  1  0.713682  4.916  13.876  0.151290  1.306139  -0.019753  S1_pocket
509  100.81  1  0.760969  5.935  14.077  0.141800  1.326330  -0.022349  S1_pocket
510  93.00  1  0.791378  5.734  11.686  -0.166707  1.212818  0.000927  S1_pocket
511  83.71  1  0.737528  6.621  12.381  0.425119  1.190244  -0.008375  surface
512  75.77  1  0.705322  5.644  13.421  0.066518  1.341796  -0.022082  S1_pocket
513  86.90  1  0.741264  5.707  12.029  0.118549  1.206531  -0.013737  surface
514  96.88  1  0.722460  5.602  12.692  -0.003754  1.245527  -0.015051  S1_pocket
515  96.36  1  0.776477  5.638  12.496  0.396262  1.158631  -0.014896  surface
516  90.25  1  0.745339  5.074  12.097  -0.036181  1.247753  -0.022171  S1_pocket
517  98.41  1  0.738033  5.398  12.371  -0.002576  1.241775  -0.012040  S1_pocket
518  85.78  1  0.778802  5.433  12.447  0.064352  1.216064  -0.040186  S1_pocket
519  88.87  1  0.795308  5.904  12.124  0.017825  1.164913  -0.003275  S1_pocket
520  88.25  1  0.799051  5.747  12.030  -0.131620  1.165437  -0.001543  S1_pocket
521  95.41  1  0.687321  5.259  12.846  0.026973  1.374038  -0.015294  S1_pocket
522  95.86  1  0.757997  6.143  12.068  0.314302  1.141642  -0.009973  surface
523  98.45  1  0.779454  5.607  12.300  0.237720  1.132641  -0.018211  surface
524  79.22  1  0.716206  6.458  14.024  0.182167  1.390543  -0.014799  S1_pocket
525  97.69  1  0.772636  5.733  12.555  -0.007058  1.243966  -0.016492  S1_pocket
526  82.31  1  0.754339  7.422  12.542  0.313183  1.278597  -0.020212  surface
527  95.79  1  0.775845  5.925  12.537  0.074898  1.184788  -0.006398  S1_pocket
528  93.17  1  0.695881  5.352  13.750  -0.055231  1.384392  -0.026172  S1_pocket
529  96.19  1  0.718075  6.378  12.271  0.133817  1.220663  -0.004554  surface
530  101.71  1  0.751218  5.580  11.445  -0.194425  1.256596  -0.014455  S1_pocket
531  101.65  1  0.838819  5.190  11.834  0.116195  1.065568  -0.008101  surface
532  82.41  1  0.803640  5.393  12.808  0.010103  1.204410  -0.023900  S1_pocket
533  80.97  1  0.746794  5.105  12.768  0.040118  1.207862  -0.011831  surface
534  98.39  1  0.750601  6.317  12.194  0.007436  1.208973  -0.006531  S1_pocket
535  77.66  1  0.696203  6.159  13.066  0.167147  1.369773  -0.048149  S1_pocket
536  87.42  1  0.709987  6.002  11.783  -0.254170  1.353009  0.008285  S1_pocket
537  98.37  1  0.750904  6.089  12.433  0.004208  1.235445  -0.011301  S1_pocket
538  82.96  1  0.788962  5.140  11.817  0.174853  1.176068  -0.011687  surface
539  90.72  1  0.742513  6.237  12.778  0.650570  1.127882  -0.025509  surface
540  90.50  1  0.761690  6.341  12.907  0.300145  1.239489  -0.013632  S1_pocket
541  82.50  1  0.764004  5.488  13.080  0.063236  1.224638  -0.005640  S1_pocket
542  78.68  1  0.813535  5.612  11.081  0.076048  1.052430  -0.018129  surface
543  93.46  1  0.694012  5.549  12.898  0.145677  1.330148  -0.028171  S1_pocket
544  87.65  1  0.669940  5.564  12.754  0.051924  1.326607  -0.020295  S1_pocket
545  91.83  1  0.686404  4.978  12.913  -0.023106  1.321107  -0.019011  S1_pocket
546  86.29  1  0.616433  5.170  14.269  0.002299  1.500618  -0.021543  S1_pocket
547  77.50  1  0.662631  5.628  13.535  -0.016526  1.393310  -0.028659  S1_pocket
548  83.37  1  0.771320  5.591  11.979  0.058998  1.147300  0.001680  surface
549  94.84  1  0.712649  5.434  12.146  -0.271415  1.279278  0.003043  S1_pocket
550  87.55  1  0.666680  5.419  14.044  -0.139076  1.421134  -0.023108  S1_pocket
551  78.88  1  0.641820  4.995  13.807  0.009897  1.443349  -0.028205  S1_pocket
552  79.26  1  0.690336  5.374  13.112  0.103294  1.353801  -0.041835  S1_pocket
553  92.74  1  0.594702  5.656  14.945  -0.283670  1.570313  -0.021191  S1_pocket
554  85.26  1  0.651052  4.903  14.553  0.148888  1.414449  -0.024698  S1_pocket
555  97.51  1  0.597313  6.195  14.533  -0.042906  1.522773  -0.029040  S1_pocket
556  95.06  1  0.674784  6.121  13.101  -0.069307  1.367610  -0.016377  S1_pocket
557  73.97  1  0.638012  5.451  14.652  0.276530  1.463443  -0.030698  S1_pocket
558  98.05  1  0.646282  5.010  15.624  0.224340  1.513542  -0.049469  S1_pocket
559  88.49  1  0.706265  5.638  14.993  0.397701  1.424187  -0.018805  S1_pocket
560  87.34  1  0.683090  6.057  15.006  0.449761  1.407387  -0.018728  surface
561  90.91  1  0.649731  6.239  15.473  0.018503  1.555105  -0.039755  S1_pocket
562  84.37  1  0.656297  6.076  13.324  -0.209177  1.406388  -0.029996  S1_pocket
563  87.53  1  0.743954  5.877  12.564  0.034665  1.350578  -0.014609  S1_pocket
564  83.08  1  0.706003  5.423  12.824  0.203254  1.372369  -0.005752  S1_pocket
565  106.72  1  0.734809  5.762  13.465  0.262814  1.351255  -0.010121  S1_pocket
566  84.79  1  0.711739  5.168  12.929  0.242337  1.320314  -0.024509  S1_pocket
567  84.59  1  0.723778  5.573  12.984  0.304135  1.277964  -0.020720  S1_pocket
568  89.92  1  0.674392  5.910  12.750  0.202275  1.395343  -0.016565  S1_pocket
569  103.79  1  0.724869  6.016  12.847  0.202138  1.311272  -0.007258  S1_pocket
570  89.47  1  0.741658  6.134  12.446  -0.102652  1.298369  -0.020246  S1_pocket
571  96.57  1  0.861452  6.331  10.997  -0.960131  1.221327  -0.034295  S1_pocket
572  100.18  1  0.819616  6.941  10.720  -0.976153  1.207075  -0.019458  S1_pocket
573  124.04  1  0.743910  5.974  12.953  -0.955271  1.397153  -0.011530  S1_pocket
574  106.70  1  0.770335  6.643  11.613  -0.955336  1.272577  -0.002451  S1_pocket
575  123.91  1  0.791749  7.181  12.384  -0.949997  1.276503  -0.008636  S1_pocket
576  109.60  1  0.794387  7.378  12.091  -0.992105  1.278445  -0.005122  S1_pocket
577  98.56  1  0.812803  6.985  11.959  -0.981954  1.254082  -0.033801  S1_pocket
578  101.01  1  0.806860  6.956  11.742  -0.981933  1.276586  -0.012496  S1_pocket
579  110.89  1  0.797637  7.128  11.801  -0.865120  1.285870  -0.027602  S1_pocket
580  115.34  1  0.801558  6.919  11.953  -0.982747  1.250872  -0.025557  S1_pocket
581  104.86  1  0.823197  6.789  11.506  -0.987553  1.246553  -0.017991  S1_pocket
582  109.34  1  0.775043  6.665  12.326  -0.987526  1.304932  -0.010061  S1_pocket
583  120.21  1  0.794247  6.798  11.652  -0.930310  1.217738  -0.015016  S1_pocket
584  98.06  1  0.650319  8.532  11.919  -0.801797  1.425141  -0.004300  S1_pocket
585  102.21  1  0.763121  7.083  12.355  -0.947455  1.346264  -0.025648  S1_pocket
586  110.97  1  0.811905  6.884  11.470  -0.983161  1.235143  -0.013387  S1_pocket
587  -107.72  3  0.804197  6.823  10.960  0.082327  1.093509  -0.047410  surface
588  -82.42  2  0.838717  7.268  10.510  0.456103  0.974865  -0.018564  surface
589  -97.17  3  0.813054  6.852  10.803  0.462703  1.037195  -0.013595  surface
590  -93.58  3  0.791019  7.890  10.532  0.143454  1.075238  -0.018090  surface
591  -108.49  3  0.830898  6.723  10.764  0.432809  0.974872  -0.026481  surface
592  -105.83  3  0.775695  7.518  10.423  0.139908  1.114596  -0.010712  surface
593  -112.47  3  0.814741  7.648  10.308  0.039534  1.024099  -0.031083  surface
594  -98.36  3  0.838779  6.770  11.364  0.603395  0.949338  -0.016502  surface
595  -98.72  3  0.846588  7.084  10.651  0.129450  1.011486  -0.025099  surface
596  -96.82  3  0.810336  6.800  11.139  0.229534  1.059472  -0.019367  surface
597  -98.50  3  0.855853  7.280  10.810  0.367899  0.994207  -0.008632  surface
598  -91.20  3  0.776460  6.902  11.284  0.115048  1.136590  -0.023469  surface
599  -108.39  3  0.777665  6.828  12.087  0.607399  1.124486  -0.041412  surface
600  -105.90  3  0.831681  7.013  10.425  0.580449  0.918763  -0.003854  surface
601  -98.50  3  0.855331  6.992  10.283  0.459120  0.963148  -0.017827  surface
602  -105.20  3  0.814104  7.482  11.295  0.220608  1.088944  -0.024037  surface
603  -101.67  3  0.803577  7.125  10.787  0.358479  1.036646  -0.019250  surface
604  -105.29  3  0.854655  6.963  10.620  0.543293  0.934104  -0.020203  surface
605  -102.59  3  0.778807  7.506  11.338  0.153569  1.099229  -0.026926  surface
606  -100.85  3  0.770843  7.327  11.833  0.145156  1.145848  -0.013738  surface
607  -109.06  3  0.806934  7.682  10.263  -0.157963  1.104194  -0.043030  surface
608  -103.67  3  0.767590  9.442  10.006  -0.366596  1.176729  -0.022668  surface
609  -83.45  2  0.847468  7.281  11.118  0.262923  1.069126  -0.024883  surface
610  -87.41  2  0.752479  8.027  10.847  0.331112  1.150179  -0.028308  surface
611  -67.69  2  0.830190  7.343  11.321  0.432901  1.001449  -0.010580  surface
612  -91.70  3  0.706182  8.313  11.318  0.530167  1.206837  -0.036566  surface
613  -75.27  2  0.689623  7.613  11.667  0.534571  1.214299  -0.008377  surface
614  -91.86  3  0.762970  7.716  10.737  0.356513  1.106691  -0.020748  surface
615  114.24  1  0.691637  8.571  11.596  -0.940507  1.388142  -0.004438  S1_pocket
616  115.40  1  0.735982  7.417  11.452  -0.890940  1.334827  0.004575  S1_pocket
617  107.30  1  0.773699  7.210  12.972  -0.967077  1.339110  -0.026467  S1_pocket
618  -76.05  2  0.540279  10.874  15.529  0.257604  1.669485  0.003652  surface
619  -87.08  2  0.765727  11.085  10.719  0.035490  1.288393  -0.005617  surface
620  -93.25  3  0.734189  11.714  11.470  0.032240  1.399927  0.000153  surface
621  -86.94  2  0.713189  11.098  11.422  -0.079270  1.399461  -0.006481  surface
622  -65.85  2  0.704264  7.372  11.851  0.743234  1.199341  -0.033011  surface
623  -109.18  3  0.860008  6.845  11.247  0.455750  0.983320  -0.026138  surface
624  -104.47  3  0.809596  6.763  10.570  0.155121  1.024553  -0.016207  surface
625  -99.45  3  0.801433  6.799  10.687  0.431343  1.019322  -0.031586  surface
626  -120.84  3  0.844564  7.097  10.607  0.124746  1.012217  -0.005099  surface
627  -105.83  3  0.832988  6.894  11.323  0.544231  0.999111  -0.035175  surface
628  -95.53  3  0.812729  6.840  11.420  0.395892  1.008097  -0.031658  surface
629  -104.42  3  0.869174  7.062  10.912  0.357214  0.968028  -0.016060  surface
630  -91.02  3  0.847965  6.936  10.958  0.414020  0.981184  -0.015677  surface
631  -99.62  3  0.809256  6.712  11.275  0.308314  1.038087  -0.020590  surface
632  -114.08  3  0.841622  6.921  10.787  0.405830  1.016219  -0.023343  surface
633  -109.98  3  0.796205  6.986  10.511  0.382531  1.002728  -0.014948  surface
634  -101.24  3  0.803144  7.112  10.811  0.183012  1.054087  -0.023765  surface
635  -87.55  2  0.807496  6.956  10.697  0.166493  1.048161  -0.021707  surface
636  -91.15  3  0.789741  6.690  11.428  0.297658  1.037874  -0.061830  surface
637  -117.22  3  0.811372  7.380  10.747  0.193756  1.051501  -0.034162  surface
638  -91.64  3  0.782963  7.424  11.828  0.028909  1.175135  -0.023523  surface
639  -112.59  3  0.832393  7.178  11.218  0.258034  1.024750  -0.017942  surface
640  -85.02  2  0.775409  7.212  11.716  0.266557  1.089873  -0.039602  surface
641  -100.18  3  0.895706  6.844  11.868  0.519862  0.984465  -0.023810  surface
642  -93.69  3  0.809120  7.046  12.058  0.449552  1.014957  -0.017185  surface
643  -95.76  3  0.834587  6.733  11.581  0.581158  1.011863  -0.015953  surface
644  -100.26  3  0.774500  6.732  12.913  0.593910  1.039794  -0.011302  surface
645  -108.98  3  0.810441  6.971  11.223  0.499819  0.969908  -0.014299  surface
646  -103.47  3  0.824467  7.868  11.353  0.302030  1.056936  -0.016845  surface
647  -96.93  3  0.801883  7.716  11.383  -0.035877  1.093740  -0.037985  surface
648  -81.95  2  0.819708  7.483  11.978  0.236215  1.045691  -0.043284  surface
649  -109.71  3  0.780969  6.606  12.889  0.138506  1.173954  -0.006220  surface
650  -74.74  2  0.772478  7.003  13.286  0.523269  1.100261  -0.021112  surface
651  -112.06  3  0.863386  6.680  12.027  0.432871  1.022352  -0.029367  surface
652  -118.50  3  0.805482  6.795  12.020  0.383950  1.097866  -0.017809  surface
653  -101.85  3  0.812551  6.934  11.099  0.004330  1.101896  -0.026835  surface
654  -112.09  3  0.829639  7.239  11.133  -0.104489  1.111549  -0.028663  S1_pocket
655  -105.27  3  0.785699  7.022  12.581  0.401303  1.081108  -0.020026  surface
656  -115.17  3  0.790599  7.061  11.855  0.074214  1.094464  -0.031978  surface
657  -108.70  3  0.783706  6.926  11.524  0.308558  1.073922  -0.029352  surface
658  -43.94  2  0.801126  7.104  13.115  0.607248  1.127379  -0.026958  surface
659  -102.19  3  0.795579  7.145  12.169  0.473822  1.075080  -0.015692  surface
660  -94.89  3  0.834040  7.354  13.001  0.612053  1.101872  -0.022048  surface
661  -79.79  2  0.794084  7.589  11.664  0.155668  1.159935  -0.034845  surface
662  -76.55  2  0.797718  7.542  12.343  0.213973  1.158108  -0.039764  surface
663  -81.78  2  0.846286  7.347  11.619  0.166819  1.077912  -0.022348  surface
664  -101.34  3  0.834975  6.395  11.672  0.405752  1.092631  -0.029477  surface
665  -92.33  3  0.809608  6.832  11.323  0.182315  1.088618  -0.018335  surface
666  -106.50  3  0.802978  6.401  13.198  0.886830  1.119305  -0.029248  surface
667  -102.23  3  0.819746  6.792  11.977  0.483820  1.067628  -0.024573  surface
668  -86.91  2  0.843452  7.457  11.881  0.338485  1.022938  -0.030688  surface
669  -53.38  2  0.783061  6.940  10.986  0.593460  1.002332  -0.015269  surface
670  -93.29  3  0.776802  6.839  11.594  0.620971  1.068915  -0.015909  surface
671  -102.36  3  0.853997  7.028  10.496  0.506013  0.965951  -0.024853  surface
672  -88.39  2  0.806200  6.860  11.574  0.630216  1.015536  -0.016299  surface
673  -86.45  2  0.814975  6.663  10.897  0.487121  1.006766  -0.023375  surface
674  -110.26  3  0.829267  7.022  11.745  0.377337  1.046654  -0.010681  surface
675  -84.03  2  0.812882  7.729  10.121  0.355173  0.976764  -0.019739  surface
676  -96.37  3  0.814402  6.765  11.696  0.534854  1.048028  -0.031311  surface
677  -82.43  2  0.777140  7.827  12.565  0.539186  1.097419  -0.021108  surface
678  -100.74  3  0.812041  7.345  11.446  0.586246  0.992327  -0.010735  surface
679  -96.00  3  0.850588  7.004  10.168  0.378585  0.923687  -0.020998  surface
680  -91.82  3  0.814529  6.999  11.372  0.603571  0.988682  -0.026450  surface
681  -96.52  3  0.830800  7.054  11.997  0.595065  0.996828  -0.030031  surface
682  -80.72  2  0.803527  7.003  11.459  0.597569  0.986097  -0.016825  surface
683  -85.40  2  0.868925  7.449  10.454  0.381116  0.944922  -0.017775  surface
684  -116.25  3  0.810948  7.531  10.725  0.364200  1.049726  -0.018206  surface
685  -97.89  3  0.833139  7.731  10.594  0.416283  0.979792  -0.013177  surface
686  -92.56  3  0.815007  7.405  10.891  0.484407  0.965767  -0.012671  surface
687  -84.79  2  0.820178  6.737  11.361  0.696900  1.038513  -0.033573  surface
688  -80.93  2  0.818075  7.340  10.521  0.523605  0.957604  -0.017284  surface
689  -91.61  3  0.807114  6.566  11.175  0.580861  1.016737  -0.030854  surface
690  -93.41  3  0.839594  7.216  10.618  0.417593  0.986377  -0.005704  surface
691  -87.12  2  0.849657  6.924  10.601  0.421136  0.967479  -0.018864  surface
692  -90.13  3  0.813304  6.971  11.116  0.490447  0.998689  -0.019420  surface
693  -99.07  3  0.848934  7.064  10.092  0.470859  0.993562  -0.024778  surface
694  -78.39  2  0.827705  7.542  10.571  0.450236  1.024146  -0.029004  surface
695  -86.04  2  0.805570  7.550  11.424  0.552586  1.030001  -0.017160  surface
696  -97.14  3  0.804666  6.651  10.411  0.298221  0.995345  -0.012752  surface
697  -107.11  3  0.821621  6.842  11.154  0.469943  1.007366  -0.023320  surface
698  -99.53  3  0.839221  7.331  10.423  0.276325  0.993289  -0.010734  surface
699  -101.56  3  0.824364  6.686  11.010  0.388251  1.034068  -0.012177  surface
700  -106.68  3  0.817832  7.459  10.927  0.479981  1.044241  -0.003588  surface
701  -116.01  3  0.765488  6.983  11.379  0.434873  1.092801  -0.004065  surface
702  -106.71  3  0.835501  7.484  10.371  0.372814  0.948050  -0.012926  surface
703  -78.59  2  0.861231  7.329  10.491  0.537448  0.963353  -0.026168  surface
704  -75.06  2  0.865159  7.580  10.174  0.402312  0.903433  -0.024137  surface
705  -95.76  3  0.830204  7.153  10.549  0.406027  1.009270  -0.012314  surface
706  -84.26  2  0.786303  7.633  11.244  0.280570  1.067193  -0.005959  surface
707  -96.63  3  0.804329  7.170  11.043  0.492129  1.034468  -0.019673  surface
708  -101.62  3  0.784858  7.126  12.564  0.345779  1.165019  -0.006880  surface
709  -86.06  2  0.812193  6.746  12.908  0.377896  1.108072  -0.019405  surface
710  -111.47  3  0.774278  7.516  13.202  0.349457  1.167325  -0.007595  surface
711  -105.53  3  0.745890  7.022  13.050  0.310737  1.225741  -0.009629  surface
712  -76.28  2  0.786930  6.816  12.510  0.721439  1.081262  -0.018285  surface
713  -105.85  3  0.799977  6.889  11.857  0.657514  1.073960  -0.007707  surface
714  -121.51  3  0.837675  7.292  10.754  0.366241  0.980235  -0.017581  surface
715  -101.46  3  0.814136  7.315  11.360  0.536612  1.032677  -0.018813  surface
716  -115.79  3  0.791637  6.934  12.068  0.722715  1.074167  -0.019324  surface
717  -74.57  2  0.785363  6.463  13.089  0.772437  1.131944  -0.012277  surface
718  -98.91  3  0.816090  7.204  12.853  0.680455  1.106324  -0.021497  surface
719  -94.52  3  0.828434  7.145  11.440  0.615535  1.031226  -0.015659  surface
720  -103.58  3  0.834748  7.121  11.944  0.612328  0.989858  -0.018311  surface
721  -97.01  3  0.841191  7.084  11.909  0.571787  1.013954  -0.012022  surface
722  -71.04  2  0.791248  7.510  12.313  0.617454  1.074683  -0.024120  surface
723  -107.38  3  0.798581  7.244  12.198  0.544725  1.062099  -0.017809  surface
724  -88.47  2  0.791377  7.353  11.913  0.575870  1.072394  -0.020515  surface
725  -111.45  3  0.796904  7.725  11.721  0.449293  1.043916  -0.007306  surface
726  -84.80  2  0.806237  7.211  13.165  0.754013  1.102771  -0.018124  surface
727  -75.97  2  0.840517  8.633  9.642  0.245722  0.939765  -0.007606  surface
728  -19.75  0  0.780368  8.929  10.450  0.336570  1.052723  -0.014967  surface
729  88.31  1  0.847955  8.997  11.519  -0.954178  1.170494  -0.020845  S1_pocket
730  84.43  1  0.819085  6.679  10.699  -0.893621  1.174764  -0.017494  S1_pocket
731  96.26  1  0.771702  7.383  10.516  -0.925428  1.188309  -0.024919  S1_pocket
732  104.03  1  0.840349  7.323  10.520  -0.915514  1.153513  -0.016649  S1_pocket
733  88.99  1  0.787537  7.558  11.496  -0.876940  1.226813  -0.015356  S1_pocket
734  120.77  1  0.791227  7.587  12.538  -0.969995  1.293100  -0.018229  S1_pocket
735  103.72  1  0.760569  6.763  11.623  -0.897055  1.267804  -0.013099  S1_pocket
736  61.16  1  0.771601  6.831  11.602  -0.783657  1.250145  -0.021158  S1_pocket
737  114.84  1  0.763881  7.305  12.577  -0.971997  1.325710  -0.022291  S1_pocket
738  110.66  1  0.796848  7.458  11.527  -0.959591  1.264798  -0.019386  S1_pocket
739  94.85  1  0.767772  6.896  11.910  -0.947969  1.344497  -0.017060  S1_pocket
740  105.58  1  0.829362  7.394  11.379  -0.995237  1.282011  -0.023789  S1_pocket
741  96.32  1  0.772708  7.087  11.273  -0.943998  1.265707  -0.019721  S1_pocket
742  114.59  1  0.753999  7.570  12.355  -0.963209  1.318374  -0.011671  S1_pocket
743  104.23  1  0.720817  7.600  12.704  -0.981574  1.399724  -0.006532  S1_pocket
744  104.39  1  0.774696  7.672  12.334  -0.972532  1.309451  -0.011090  S1_pocket
745  113.23  1  0.770647  7.956  12.075  -0.992702  1.302441  -0.011573  S1_pocket
746  80.62  1  0.737041  6.905  12.473  -0.972827  1.332097  -0.028095  S1_pocket
747  123.50  1  0.760512  7.269  11.386  -0.903627  1.265041  0.003416  S1_pocket
748  120.48  1  0.749211  7.264  12.781  -0.977675  1.346231  -0.023057  S1_pocket
749  116.71  1  0.696589  7.854  13.209  -0.865805  1.438439  -0.006042  S1_pocket
750  117.16  1  0.778887  6.800  11.946  -0.919404  1.294178  -0.024296  S1_pocket
751  106.14  1  0.752908  7.166  13.113  -0.978520  1.364246  -0.017106  S1_pocket
752  123.08  1  0.738241  8.407  11.283  -0.912228  1.313014  0.014307  S1_pocket
753  105.33  1  0.816232  6.522  10.677  -0.953073  1.227506  -0.020435  S1_pocket
754  108.41  1  0.809929  7.430  11.083  -0.985631  1.205453  -0.018298  S1_pocket
755  118.17  1  0.833665  7.048  10.864  -0.952370  1.210620  -0.030002  S1_pocket
756  92.87  1  0.802534  7.359  12.187  -0.963386  1.267922  -0.023396  S1_pocket
757  120.70  1  0.785739  7.015  11.728  -0.965672  1.272087  -0.024271  S1_pocket
758  110.62  1  0.743961  6.644  12.736  -0.972971  1.381195  -0.025957  S1_pocket
759  110.51  1  0.783585  6.972  12.269  -0.961292  1.298332  -0.021404  S1_pocket
760  101.41  1  0.778915  7.293  12.357  -0.979477  1.291594  -0.025638  S1_pocket
761  120.85  1  0.731284  7.220  12.880  -0.997967  1.359213  -0.020409  S1_pocket
762  115.50  1  0.776323  7.110  12.598  -0.989075  1.303422  -0.009096  S1_pocket
763  96.13  1  0.773325  6.857  13.399  -0.980518  1.353300  -0.014052  S1_pocket
764  97.62  1  0.775205  7.571  11.035  -0.984557  1.271201  -0.004327  S1_pocket
765  113.81  1  0.793955  7.351  11.690  -0.997577  1.268528  -0.027545  S1_pocket
766  103.40  1  0.816733  6.796  11.273  -0.969750  1.261747  -0.020289  S1_pocket
767  113.42  1  0.781406  6.598  11.522  -0.986147  1.271922  -0.027255  S1_pocket
768  107.69  1  0.790557  7.176  11.319  -0.989432  1.305060  -0.017627  S1_pocket
769  112.95  1  0.801249  6.489  11.316  -0.937636  1.252929  -0.030196  S1_pocket
770  109.44  1  0.789235  7.833  11.033  -0.933755  1.240833  -0.008636  S1_pocket
771  125.00  1  0.787353  7.117  11.626  -0.995038  1.338004  -0.015507  S1_pocket
772  116.79  1  0.816626  7.266  11.864  -0.971493  1.300317  -0.039141  S1_pocket
773  103.48  1  0.794638  7.427  11.821  -0.967337  1.301248  -0.024795  S1_pocket
774  114.19  1  0.791477  7.001  11.708  -0.974881  1.265080  -0.011840  S1_pocket
775  94.46  1  0.771678  7.070  12.533  -0.950214  1.365573  -0.033712  S1_pocket
776  99.57  1  0.823279  7.388  12.139  -0.986238  1.284982  -0.023469  S1_pocket
777  93.10  1  0.808536  7.268  11.961  -0.933535  1.254473  -0.025672  S1_pocket
778  104.00  1  0.802816  7.177  11.516  -0.928254  1.234517  -0.024620  S1_pocket
779  97.70  1  0.847226  6.988  11.463  -0.972031  1.216110  -0.024797  S1_pocket
780  91.54  1  0.832055  7.193  11.163  -0.966907  1.210849  -0.031271  S1_pocket
781  97.99  1  0.822475  7.293  11.204  -0.981580  1.201659  -0.026813  S1_pocket
782  95.86  1  0.816182  6.702  11.516  -0.956186  1.239073  -0.032575  S1_pocket
783  92.59  1  0.805177  7.384  11.537  -0.934762  1.210030  -0.024118  S1_pocket
784  97.41  1  0.783417  7.173  11.477  -0.952833  1.287891  -0.025008  S1_pocket
785  98.10  1  0.806693  7.295  11.724  -0.989487  1.241446  -0.014665  S1_pocket
786  100.33  1  0.816665  7.042  11.718  -0.984159  1.256356  -0.030709  S1_pocket
787  106.93  1  0.768328  7.211  11.882  -0.983596  1.301367  -0.020585  S1_pocket
788  105.79  1  0.816913  7.316  11.643  -0.977445  1.272696  -0.025939  S1_pocket
789  118.18  1  0.746183  6.728  11.258  -0.993829  1.317632  -0.022126  S1_pocket
790  106.65  1  0.798240  6.907  12.134  -0.989453  1.273778  -0.029219  S1_pocket
791  77.50  1  0.775208  7.420  11.117  -0.922456  1.256828  -0.021370  S1_pocket
792  97.90  1  0.734362  7.017  11.814  -0.976759  1.351532  -0.018637  S1_pocket
793  92.99  1  0.809094  6.767  11.399  -0.976952  1.254349  -0.029608  S1_pocket
794  71.40  1  0.806794  7.462  10.792  -0.750396  1.197658  -0.013025  S1_pocket
795  86.75  1  0.786324  6.841  11.039  -0.975661  1.261534  -0.024023  S1_pocket
796  113.92  1  0.828994  7.255  11.036  -0.983286  1.188186  -0.038187  S1_pocket
797  104.11  1  0.827672  7.352  10.136  -0.983823  1.198233  -0.016321  S1_pocket
798  94.09  1  0.801093  6.912  10.907  -0.956258  1.216768  -0.032135  S1_pocket
799  97.82  1  0.826135  7.458  11.502  -0.967083  1.238275  -0.019241  S1_pocket
800  88.42  1  0.779948  7.161  11.732  -0.928485  1.277451  -0.035339  S1_pocket
801  99.85  1  0.775534  7.812  11.592  -0.978032  1.292362  -0.029358  S1_pocket
802  110.25  1  0.765938  7.862  12.874  -0.999902  1.295912  -0.019852  S1_pocket
803  110.93  1  0.748457  6.359  11.610  -0.938779  1.321213  -0.012436  S1_pocket
804  101.28  1  0.813647  6.950  11.598  -0.970312  1.242024  -0.029110  S1_pocket
805  95.65  1  0.784932  7.009  11.068  -0.958091  1.264568  -0.025317  S1_pocket
806  87.06  1  0.796633  7.054  11.332  -0.955841  1.248345  -0.027939  S1_pocket
807  105.94  1  0.824961  7.564  11.336  -0.993794  1.220713  -0.012578  S1_pocket
808  98.42  1  0.800798  7.187  11.598  -0.936974  1.242516  -0.025138  S1_pocket
809  113.38  1  0.787119  7.192  10.995  -0.981506  1.253963  0.004214  S1_pocket
810  93.77  1  0.779587  7.494  11.100  -0.951470  1.271700  -0.017096  S1_pocket
811  90.45  1  0.768165  7.412  11.864  -0.923538  1.244295  -0.004759  S1_pocket
812  86.81  1  0.818103  7.394  10.669  -0.913740  1.203035  -0.019096  S1_pocket
813  104.91  1  0.802995  7.281  11.961  -0.974290  1.271532  -0.005170  S1_pocket
814  92.51  1  0.800966  7.290  10.874  -0.933651  1.218068  -0.013287  S1_pocket
815  100.98  1  0.786979  7.016  12.021  -0.971315  1.337146  -0.024765  S1_pocket
816  94.14  1  0.832013  6.921  11.255  -0.975798  1.234747  -0.028573  S1_pocket
817  97.93  1  0.809666  7.009  11.459  -0.936779  1.252772  -0.023823  S1_pocket
818  89.58  1  0.803594  7.836  11.651  -0.998062  1.264346  -0.009003  S1_pocket
819  97.02  1  0.760506  7.283  11.496  -0.995223  1.279280  -0.011589  S1_pocket
820  111.82  1  0.811016  7.378  11.662  -0.997902  1.263011  -0.026170  S1_pocket
821  80.95  1  0.792234  7.436  11.903  -0.923407  1.312910  -0.019799  S1_pocket
822  105.60  1  0.757138  7.720  13.319  -0.987764  1.415641  -0.023185  S1_pocket
823  109.70  1  0.783080  7.243  12.674  -0.952984  1.341081  -0.010248  S1_pocket
824  90.90  1  0.763521  7.398  11.869  -0.966980  1.273871  -0.015514  S1_pocket
825  87.68  1  0.748499  6.470  12.692  -0.941589  1.329895  -0.016521  S1_pocket
826  102.86  1  0.802621  7.733  11.726  -0.988406  1.273035  -0.017659  S1_pocket
827  97.13  1  0.783919  7.333  12.589  -0.946102  1.308880  -0.005434  S1_pocket
828  101.85  1  0.809127  7.638  12.575  -0.983076  1.300464  -0.014600  S1_pocket
829  87.86  1  0.738007  7.710  12.445  -0.950822  1.354848  -0.014575  S1_pocket
830  84.83  1  0.796130  7.505  12.539  -0.957572  1.353624  -0.024466  S1_pocket
831  120.55  1  0.810180  7.279  12.334  -0.960971  1.313702  -0.021167  S1_pocket
832  86.91  1  0.795457  8.169  11.991  -0.940112  1.246428  -0.016518  S1_pocket
833  110.66  1  0.816217  7.213  12.066  -0.978887  1.279912  -0.021855  S1_pocket
834  100.41  1  0.854696  7.998  11.017  -0.964938  1.144311  -0.017304  S1_pocket
835  102.27  1  0.791598  7.518  11.739  -0.975613  1.265961  -0.025493  S1_pocket
836  92.41  1  0.810270  7.654  11.252  -0.949722  1.242815  -0.026069  S1_pocket
837  93.19  1  0.814260  7.712  12.250  -0.977176  1.236799  -0.025140  S1_pocket
838  96.04  1  0.800307  7.276  11.280  -0.940912  1.248747  -0.023490  S1_pocket
839  110.98  1  0.792264  7.236  12.190  -0.982760  1.262935  -0.020158  S1_pocket
840  92.42  1  0.809148  7.512  12.250  -0.992604  1.248814  -0.013307  S1_pocket
841  99.80  1  0.799331  7.620  12.258  -0.988871  1.283535  -0.015521  S1_pocket
842  88.30  1  0.864809  7.869  11.835  -0.987464  1.209199  -0.020715  S1_pocket
843  102.29  1  0.787128  7.477  12.288  -0.985181  1.289852  -0.018059  S1_pocket
844  107.70  1  0.810203  7.600  12.175  -0.962539  1.271137  -0.021295  S1_pocket
845  75.07  1  0.793471  7.314  11.814  -0.967061  1.249963  -0.026165  S1_pocket
846  90.45  1  0.822965  6.935  11.760  -0.962268  1.276741  -0.026391  S1_pocket
847  96.13  1  0.809826  7.338  12.466  -0.975095  1.301044  -0.027013  S1_pocket
848  124.76  1  0.773266  7.443  13.302  -0.936805  1.311224  -0.008966  S1_pocket
849  113.09  1  0.790864  7.015  12.002  -0.974837  1.286073  -0.014421  S1_pocket
850  85.94  1  0.754025  7.138  13.088  -0.950433  1.341184  -0.013337  S1_pocket
851  98.55  1  0.788905  7.089  12.446  -0.957408  1.306850  -0.016158  S1_pocket
852  95.75  1  0.825478  7.340  12.012  -0.963932  1.248281  -0.018613  S1_pocket
853  78.05  1  0.811404  7.533  11.990  -0.942515  1.266435  -0.010885  S1_pocket
854  84.92  1  0.788728  7.202  12.365  -0.941730  1.305301  -0.018813  S1_pocket
855  120.54  1  0.727008  6.703  13.740  -0.843735  1.422618  -0.011509  S1_pocket
856  93.68  1  0.781721  7.189  11.949  -0.948125  1.266477  -0.019953  S1_pocket
857  95.01  1  0.831043  7.314  11.695  -0.920257  1.254562  -0.027207  S1_pocket
858  89.58  1  0.789152  7.605  12.236  -0.968099  1.318442  -0.019201  S1_pocket
859  117.61  1  0.784974  7.419  11.852  -0.996789  1.258504  -0.019252  S1_pocket
860  106.20  1  0.832905  7.831  11.771  -0.968830  1.213102  -0.017266  S1_pocket
861  107.98  1  0.810432  7.378  12.325  -0.975322  1.308344  -0.018172  S1_pocket
862  122.21  1  0.782759  7.153  11.982  -0.945856  1.276605  -0.009140  S1_pocket
863  87.71  1  0.829130  7.581  11.781  -0.976202  1.254796  -0.025805  S1_pocket
864  96.72  1  0.795548  6.923  11.750  -0.966110  1.271809  -0.033713  S1_pocket
865  92.14  1  0.779684  7.250  12.316  -0.936343  1.301906  -0.021429  S1_pocket
866  102.27  1  0.772371  6.838  12.443  -0.979580  1.319136  -0.019729  S1_pocket
867  100.66  1  0.809221  7.575  11.821  -0.963766  1.272259  -0.008660  S1_pocket
868  88.81  1  0.770345  6.942  12.111  -0.917891  1.285633  -0.014045  S1_pocket
869  73.91  1  0.750947  7.281  12.488  -0.855967  1.305210  -0.008963  S1_pocket
870  116.74  1  0.819102  7.390  11.059  -0.982088  1.245734  -0.037700  S1_pocket
871  102.22  1  0.802085  7.043  11.933  -0.873795  1.222671  -0.018649  S1_pocket
872  102.67  1  0.821201  7.382  11.681  -0.943094  1.232971  -0.019094  S1_pocket
873  102.05  1  0.794254  7.068  11.879  -0.943858  1.311325  -0.023616  S1_pocket
874  112.10  1  0.790731  6.833  12.483  -0.946531  1.334693  -0.019259  S1_pocket
875  101.47  1  0.785161  7.412  11.066  -0.911456  1.213423  -0.020882  S1_pocket
876  106.90  1  0.783893  7.073  12.288  -0.987936  1.265517  -0.005020  S1_pocket
877  82.37  1  0.773249  6.844  13.145  -0.969076  1.392200  -0.024512  S1_pocket
878  99.38  1  0.771297  6.781  12.728  -0.920909  1.318494  -0.022326  S1_pocket
879  93.39  1  0.781147  7.329  12.670  -0.939169  1.283705  -0.023780  S1_pocket
880  116.98  1  0.777473  7.601  12.911  -0.954805  1.302419  -0.018288  S1_pocket
881  97.23  1  0.736932  7.452  13.431  -0.973546  1.404709  -0.015321  S1_pocket
882  113.96  1  0.781919  7.193  13.198  -0.934671  1.349479  -0.010397  S1_pocket
883  105.44  1  0.796937  7.483  11.988  -0.959481  1.253960  -0.014846  S1_pocket
884  104.80  1  0.785270  6.800  11.368  -0.974153  1.252313  -0.028225  S1_pocket
885  111.20  1  0.762667  6.481  12.657  -0.871654  1.312469  -0.008807  S1_pocket
886  120.03  1  0.748726  6.792  12.070  -0.964074  1.309535  -0.011146  S1_pocket
887  93.42  1  0.803445  7.182  11.922  -0.979258  1.223526  -0.033413  S1_pocket
888  106.15  1  0.763551  7.016  12.449  -0.959758  1.276278  -0.019008  S1_pocket
889  101.06  1  0.805841  8.183  12.163  -0.981880  1.226330  -0.017612  S1_pocket
890  97.13  1  0.798460  7.771  12.089  -0.954474  1.218661  -0.011770  S1_pocket
891  79.49  1  0.778557  7.786  12.115  -0.935334  1.253764  -0.010607  S1_pocket
892  106.83  1  0.766668  6.451  12.901  -0.825617  1.289993  -0.020064  S1_pocket
893  105.64  1  0.838394  8.632  11.645  -0.960318  1.137940  0.000027  S1_pocket
894  99.03  1  0.786748  7.682  12.136  -0.910924  1.241667  -0.021041  S1_pocket
895  101.51  1  0.770308  8.168  11.548  -0.980554  1.274978  -0.016756  S1_pocket
896  105.68  1  0.783718  7.690  11.623  -0.983856  1.241233  -0.022965  S1_pocket
897  106.94  1  0.819149  8.346  11.777  -0.995334  1.227389  -0.011361  S1_pocket
898  110.82  1  0.774180  7.801  12.460  -0.963124  1.305598  -0.006206  S1_pocket
899  117.72  1  0.832072  7.518  11.814  -0.980722  1.218867  -0.008034  S1_pocket
900  100.97  1  0.771824  7.526  12.145  -0.959817  1.310141  -0.018586  S1_pocket
901  123.11  1  0.795037  8.019  12.386  -0.981946  1.320269  -0.007375  S1_pocket
902  93.27  1  0.823058  7.854  11.233  -0.990164  1.251829  -0.016117  S1_pocket
903  110.21  1  0.809858  7.618  12.112  -0.983490  1.274253  -0.024432  S1_pocket
904  104.03  1  0.749093  7.386  12.463  -0.987573  1.356326  -0.015764  S1_pocket
905  110.04  1  0.733328  7.313  13.648  -0.930830  1.370590  -0.025973  S1_pocket
906  91.60  1  0.752033  7.055  13.026  -0.886683  1.307654  -0.023563  S1_pocket
907  115.27  1  0.862021  7.042  10.807  -0.881370  1.114591  0.009387  S1_pocket
908  123.10  1  0.819817  6.250  10.983  -0.861072  1.151026  0.011872  S1_pocket
909  106.65  1  0.852995  6.963  10.648  -0.888119  1.108113  0.006618  S1_pocket
910  95.38  1  0.803945  6.969  11.398  -0.976487  1.201228  -0.008425  S1_pocket
911  102.61  1  0.785305  6.990  12.051  -0.964011  1.211683  -0.012960  S1_pocket
912  126.74  1  0.780480  7.417  11.607  -0.946499  1.226893  -0.002742  S1_pocket
913  77.84  1  0.760100  6.908  11.318  -0.848762  1.231327  -0.017996  S1_pocket
914  101.30  1  0.766698  7.288  11.829  -0.948797  1.274953  -0.018006  S1_pocket
915  112.36  1  0.753217  6.988  12.621  -0.985070  1.324392  0.003210  S1_pocket
916  72.64  1  0.796256  6.870  10.918  -0.862059  1.193837  -0.017738  S1_pocket
917  164.82  0  0.726680  5.360  11.528  -0.747931  1.319338  0.009874  S1_pocket
918  111.89  1  0.768785  6.223  11.435  -0.982779  1.334257  -0.003615  S1_pocket
919  68.10  1  0.784313  6.618  11.184  -0.908772  1.230981  -0.019563  S1_pocket
920  81.09  1  0.783787  6.599  12.044  -0.943668  1.219576  -0.019942  S1_pocket
921  78.28  1  0.792287  7.913  11.487  -0.856525  1.213145  -0.018133  S1_pocket
922  100.38  1  0.773395  6.922  12.646  -0.997013  1.301318  -0.011846  S1_pocket
923  79.90  1  0.838362  6.852  11.138  -0.982800  1.167586  -0.015492  S1_pocket
924  81.78  1  0.788385  6.818  11.012  -0.919151  1.207035  -0.005475  S1_pocket
925  85.53  1  0.786028  6.974  11.795  -0.936659  1.247043  -0.014870  S1_pocket
926  99.05  1  0.826139  6.865  11.833  -0.958995  1.271304  -0.025435  S1_pocket
927  86.91  1  0.786931  6.968  11.792  -0.988521  1.249816  -0.017160  S1_pocket
928  101.96  1  0.792072  6.613  11.252  -0.932257  1.225275  0.000375  S1_pocket
929  117.80  1  0.831285  6.777  11.013  -0.911796  1.159903  0.009860  S1_pocket
930  103.55  1  0.743540  6.787  12.197  -0.982622  1.359101  0.012332  S1_pocket
931  132.80  1  0.812745  6.445  11.528  -0.870369  1.225568  -0.011611  S1_pocket
932  114.46  1  0.812829  6.356  11.175  -0.801645  1.198116  -0.006011  S1_pocket
933  153.41  0  0.725617  6.091  13.250  -0.923855  1.386247  -0.001192  S1_pocket
934  111.78  1  0.771389  6.227  12.600  -0.981193  1.354151  -0.019243  S1_pocket
935  113.20  1  0.784214  6.802  11.818  -0.977607  1.316414  -0.006790  S1_pocket
936  125.12  1  0.794582  6.280  11.009  -0.885998  1.219445  0.007752  S1_pocket
937  120.04  1  0.778014  6.737  12.423  -0.994403  1.349576  -0.004028  S1_pocket
938  156.56  0  0.729448  4.559  12.677  -0.558838  1.345925  0.003864  S1_pocket
939  106.18  1  0.833668  6.327  11.436  -0.895233  1.246228  -0.011060  S1_pocket
940  99.10  1  0.810878  6.374  11.373  -0.964054  1.289625  -0.033125  S1_pocket
941  101.86  1  0.808374  6.655  11.435  -0.972231  1.253106  -0.022127  S1_pocket
942  109.79  1  0.816097  6.651  12.556  -0.995041  1.280064  -0.018641  S1_pocket
943  95.92  1  0.784776  7.105  12.303  -0.994469  1.282336  -0.022331  S1_pocket
944  85.90  1  0.707217  5.521  13.517  0.420706  1.304168  -0.027117  S1_pocket
945  92.86  1  0.687975  6.161  12.926  0.020204  1.359237  -0.029036  S1_pocket
946  109.85  1  0.781745  7.058  10.599  -0.978072  1.233762  -0.003855  S1_pocket
947  76.82  1  0.736285  7.716  10.583  -0.754881  1.246948  -0.018776  S1_pocket
948  87.41  1  0.798100  7.140  12.045  -0.976917  1.258882  -0.018581  S1_pocket
949  96.82  1  0.786839  6.854  12.144  -0.965012  1.275222  -0.024774  S1_pocket
950  105.73  1  0.803660  6.279  11.640  -0.974435  1.291739  -0.031484  S1_pocket
951  120.92  1  0.780207  6.250  12.336  -0.959183  1.347839  -0.022883  S1_pocket
952  129.69  1  0.787479  6.331  11.875  -0.978020  1.315561  -0.028708  S1_pocket
953  99.49  1  0.786599  6.528  12.350  -0.982106  1.315317  -0.028590  S1_pocket
954  87.49  1  0.788684  7.123  12.510  -0.946975  1.291165  -0.019584  S1_pocket
955  129.72  1  0.711165  5.739  13.173  -0.962787  1.473333  -0.002055  S1_pocket
956  128.96  1  0.766779  5.862  12.525  -0.942330  1.342136  -0.014312  S1_pocket
957  117.06  1  0.760570  6.517  12.426  -0.950145  1.335447  -0.015109  S1_pocket
958  74.39  1  0.840883  6.974  10.821  -0.945541  1.219106  -0.032578  S1_pocket
959  98.15  1  0.784102  7.398  12.555  -0.972282  1.325742  -0.023033  S1_pocket
960  88.54  1  0.733684  6.814  12.357  -0.935744  1.361524  -0.011976  S1_pocket
961  100.21  1  0.774736  6.917  12.520  -0.958230  1.313786  -0.033747  S1_pocket
962  101.53  1  0.826246  7.038  10.395  -0.975039  1.183166  -0.028989  S1_pocket
963  90.32  1  0.724593  6.737  12.196  -0.969577  1.356779  -0.025208  S1_pocket
964  104.56  1  0.853704  6.783  11.041  -0.958433  1.224061  -0.028847  S1_pocket
965  117.91  1  0.777827  6.579  13.245  -0.976607  1.397685  -0.006264  S1_pocket
966  105.98  1  0.767225  7.292  12.381  -0.985880  1.290925  -0.012063  S1_pocket
967  96.81  1  0.768748  7.271  12.180  -0.964820  1.358233  -0.015982  S1_pocket
968  104.58  1  0.791149  7.179  12.529  -0.945780  1.267769  -0.025781  S1_pocket
969  101.99  1  0.806669  7.143  12.636  -0.935312  1.287770  -0.035842  S1_pocket
970  106.45  1  0.764276  6.836  12.320  -0.922085  1.304646  -0.013052  S1_pocket
971  104.78  1  0.836820  6.963  11.622  -0.986738  1.247328  -0.032605  S1_pocket
972  115.06  1  0.737518  6.512  13.235  -0.973769  1.439179  -0.022628  S1_pocket
973  101.45  1  0.829297  6.535  11.168  -0.964188  1.273535  -0.025741  S1_pocket
974  105.75  1  0.809150  6.783  12.653  -0.973445  1.348275  -0.034849  S1_pocket
975  91.24  1  0.734926  6.572  12.731  -0.939208  1.380266  -0.023654  S1_pocket
976  97.74  1  0.802492  6.726  11.094  -0.984811  1.221897  -0.015399  S1_pocket
977  94.60  1  0.762878  6.906  11.848  -0.977006  1.285581  -0.012802  S1_pocket
978  116.14  1  0.774503  6.613  12.005  -0.979074  1.234368  -0.011558  S1_pocket
979  141.18  1  0.758151  6.583  11.088  -0.971818  1.282684  -0.010233  S1_pocket
980  113.61  1  0.785189  6.971  12.147  -0.937305  1.247597  -0.016280  S1_pocket
981  111.58  1  0.776207  6.829  11.341  -0.977632  1.248871  0.001930  S1_pocket
982  125.56  1  0.742352  6.489  12.014  -0.999526  1.265863  -0.001903  S1_pocket
983  118.72  1  0.788987  6.455  11.495  -0.961360  1.226609  0.013595  S1_pocket
984  113.71  1  0.724553  6.728  10.408  -0.997769  1.261736  0.013013  S1_pocket
985  104.19  1  0.762201  6.375  11.370  -0.987788  1.275912  -0.011163  S1_pocket
986  123.01  1  0.708042  6.195  12.178  -0.917952  1.357228  -0.001864  S1_pocket
987  115.65  1  0.784126  5.964  12.544  -0.954309  1.318679  -0.018307  S1_pocket
988  125.42  1  0.809768  6.677  11.253  -0.958454  1.183912  -0.012185  S1_pocket
989  141.95  1  0.841121  5.932  10.745  -0.823886  1.135111  0.001477  S1_pocket
990  141.20  1  0.797234  6.016  10.970  -0.874989  1.188669  -0.002395  S1_pocket
991  142.61  1  0.812214  6.251  9.990  -0.874788  1.205315  0.017012  S1_pocket
992  135.34  1  0.793919  6.241  10.331  -0.879985  1.196731  0.012429  S1_pocket
993  143.85  1  0.823685  6.318  10.507  -0.880136  1.129933  -0.002077  S1_pocket
994  124.06  1  0.810073  6.636  9.736  -0.935172  1.151638  0.001849  S1_pocket
995  119.65  1  0.787915  6.329  10.466  -0.931118  1.179347  0.007896  S1_pocket
996  80.04  1  0.755411  7.117  10.400  -0.783987  1.165933  -0.008198  S1_pocket
997  122.65  1  0.792608  5.492  11.228  -0.798109  1.253623  0.014950  S1_pocket
998  118.01  1  0.731818  6.280  11.434  -0.955299  1.334534  -0.031184  S1_pocket
999  118.05  1  0.784726  6.252  10.460  -0.991110  1.215776  -0.018579  S1_pocket
1000  102.95  1  0.735530  6.613  11.400  -0.903964  1.300404  -0.022196  S1_pocket
